timestamp,trackMode,telSeqId,personCount,personConfidence,faceXPx,faceYPx,faceRadiusPx,angle_err,estimatedDistance,estimatedXPos,estimatedYPos,estimatedZPos,Uyaw,Uz,Ux,Uy,pitch,roll,yaw,vx,vy,vz,tof,batt,temp
14854,0,0,0,0,0,0,0,0,0,0,0,0,0,0,0,0,3,1,-6,0,0,0,10,90,60
14956,0,0,0,0,0,0,0,0,0,0,0,0,0,0,0,0,3,1,-6,0,0,0,10,90,60
15058,0,0,0,0,0,0,0,0,0,0,0,0,0,0,0,0,3,1,-6,0,0,0,10,90,60
15159,0,0,0,0,0,0,0,0,0,0,0,0,0,0,0,0,3,1,-6,0,0,0,10,90,60
15260,0,0,0,0,0,0,0,0,0,0,0,0,0,0,0,0,3,1,-6,0,0,0,10,90,60
15362,0,0,0,0,0,0,0,0,0,0,0,0,0,0,0,0,3,1,-6,0,0,0,10,90,60
15463,0,0,0,0,0,0,0,0,0,0,0,0,0,0,0,0,3,1,-6,0,0,0,10,90,60
15566,0,0,0,0,0,0,0,0,0,0,0,0,0,0,0,0,3,1,-6,0,0,0,10,90,60
15667,0,0,0,0,0,0,0,0,0,0,0,0,0,0,0,0,3,1,-6,0,0,0,10,90,60
15768,0,0,0,0,0,0,0,0,0,0,0,0,0,0,0,0,3,1,-6,0,0,0,10,90,61
15869,0,0,0,0,0,0,0,0,0,0,0,0,0,0,0,0,3,1,-6,0,0,0,10,90,61
15970,0,0,0,0,0,0,0,0,0,0,0,0,0,0,0,0,3,1,-6,0,0,0,10,90,61
16071,0,0,0,0,0,0,0,0,0,0,0,0,0,0,0,0,3,1,-6,0,0,0,10,90,61
16172,0,0,0,0,0,0,0,0,0,0,0,0,0,0,0,0,3,1,-6,0,0,0,10,90,61
16273,0,0,0,0,0,0,0,0,0,0,0,0,0,0,0,0,3,1,-6,0,0,0,10,90,61
16374,0,0,0,0,0,0,0,0,0,0,0,0,0,0,0,0,3,1,-6,0,0,0,10,90,61
16475,0,0,0,0,0,0,0,0,0,0,0,0,0,0,0,0,3,1,-6,0,0,0,10,90,61
16576,0,0,0,0,0,0,0,0,0,0,0,0,0,0,0,0,3,1,-6,0,0,0,10,90,61
16678,0,0,0,0,0,0,0,0,0,0,0,0,0,0,0,0,3,1,-6,0,0,0,10,90,61
16779,0,0,0,0,0,0,0,0,0,0,0,0,0,0,0,0,3,1,-6,0,0,0,10,90,61
16880,0,0,0,0,0,0,0,0,0,0,0,0,0,0,0,0,3,1,-6,0,0,0,10,90,61
16981,0,0,0,0,0,0,0,0,0,0,0,0,0,0,0,0,3,1,-6,0,0,0,10,90,61
17082,0,0,0,0,0,0,0,0,0,0,0,0,0,0,0,0,3,1,-6,0,0,0,10,90,61
17183,0,0,0,0,0,0,0,0,0,0,0,0,0,0,0,0,3,1,-6,0,0,0,10,90,61
17284,0,0,0,0,0,0,0,0,0,0,0,0,0,0,0,0,3,1,-6,0,0,0,10,90,61
17385,0,0,0,0,0,0,0,0,0,0,0,0,0,0,0,0,3,1,-6,0,0,0,10,90,61
17486,0,0,0,0,0,0,0,0,0,0,0,0,0,0,0,0,3,1,-6,0,0,0,10,90,61
17587,0,0,0,0,0,0,0,0,0,0,0,0,0,0,0,0,3,1,-6,0,0,0,10,90,61
17690,0,0,0,0,0,0,0,0,0,0,0,0,0,0,0,0,3,1,-6,0,0,0,10,90,61
17791,0,0,0,0,0,0,0,0,0,0,0,0,0,0,0,0,3,1,-6,0,0,0,10,90,61
17892,0,0,0,0,0,0,0,0,0,0,0,0,0,0,0,0,3,1,-6,0,0,0,10,90,61
17993,0,0,0,0,0,0,0,0,0,0,0,0,0,0,0,0,3,1,-6,0,0,0,10,90,61
18094,0,0,0,0,0,0,0,0,0,0,0,0,0,0,0,0,3,1,-6,0,0,0,10,90,61
18195,0,0,0,0,0,0,0,0,0,0,0,0,0,0,0,0,3,1,-6,0,0,0,10,90,61
18296,0,0,0,0,0,0,0,0,0,0,0,0,0,0,0,0,3,1,-6,0,0,0,10,90,61
18397,0,0,0,0,0,0,0,0,0,0,0,0,0,0,0,0,3,1,-6,0,0,0,10,90,61
18498,0,0,0,0,0,0,0,0,0,0,0,0,0,0,0,0,3,1,-6,0,0,0,10,90,61
18599,0,0,0,0,0,0,0,0,0,0,0,0,0,0,0,0,3,1,-6,0,0,0,10,90,61
18700,0,0,0,0,0,0,0,0,0,0,0,0,0,0,0,0,3,1,-6,0,0,0,10,90,61
18801,0,0,0,0,0,0,0,0,0,0,0,0,0,0,0,0,3,1,-6,0,0,0,10,90,61
18902,0,0,0,0,0,0,0,0,0,0,0,0,0,0,0,0,3,1,-6,0,0,0,10,90,61
19004,0,0,0,0,0,0,0,0,0,0,0,0,0,0,0,0,3,1,-6,0,0,0,10,90,61
19104,0,0,0,0,0,0,0,0,0,0,0,0,0,0,0,0,3,1,-6,0,0,0,10,90,61
19205,0,0,0,0,0,0,0,0,0,0,0,0,0,0,0,0,3,1,-6,0,0,0,10,90,61
19306,0,0,0,0,0,0,0,0,0,0,0,0,0,0,0,0,3,1,-6,0,0,0,10,90,61
19407,0,0,0,0,0,0,0,0,0,0,0,0,0,0,0,0,3,1,-6,0,0,0,10,90,61
19508,0,0,0,0,0,0,0,0,0,0,0,0,0,0,0,0,3,1,-6,0,0,0,10,90,61
19609,0,0,0,0,0,0,0,0,0,0,0,0,0,0,0,0,3,1,-6,0,0,0,10,90,61
19710,0,0,0,0,0,0,0,0,0,0,0,0,0,0,0,0,3,1,-6,0,0,0,10,90,61
19810,0,0,0,0,0,0,0,0,0,0,0,0,0,0,0,0,3,1,-6,0,0,0,10,90,61
19911,0,0,0,0,0,0,0,0,0,0,0,0,0,0,0,0,3,1,-6,0,0,0,10,90,61
20012,0,0,0,0,0,0,0,0,0,0,0,0,0,0,0,0,3,1,-6,0,0,0,10,90,61
20113,0,0,0,0,0,0,0,0,0,0,0,0,0,0,0,0,3,1,-6,0,0,0,10,90,61
20214,0,0,0,0,0,0,0,0,0,0,0,0,0,0,0,0,3,1,-6,0,0,0,10,90,61
20315,0,0,0,0,0,0,0,0,0,0,0,0,0,0,0,0,3,1,-6,0,0,0,10,90,61
20416,0,0,0,0,0,0,0,0,0,0,0,0,0,0,0,0,3,1,-6,0,0,0,10,90,61
20519,0,0,0,0,0,0,0,0,0,0,0,0,0,0,0,0,3,1,-6,0,0,0,10,90,61
20620,0,0,0,0,0,0,0,0,0,0,0,0,0,0,0,0,3,1,-6,0,0,0,10,90,61
20723,0,0,0,0,0,0,0,0,0,0,0,0,0,0,0,0,3,1,-6,0,0,0,10,90,62
20823,0,0,0,0,0,0,0,0,0,0,0,0,0,0,0,0,3,1,-6,0,0,0,10,90,62
20924,0,0,0,0,0,0,0,0,0,0,0,0,0,0,0,0,3,1,-6,0,0,0,10,90,62
21025,0,0,0,0,0,0,0,0,0,0,0,0,0,0,0,0,3,1,-6,0,0,0,10,90,62
21126,0,0,0,0,0,0,0,0,0,0,0,0,0,0,0,0,3,1,-6,0,0,0,10,90,62
21227,0,0,0,0,0,0,0,0,0,0,0,0,0,0,0,0,3,1,-6,0,0,0,10,90,62
21328,0,0,0,0,0,0,0,0,0,0,0,0,0,0,0,0,3,1,-6,0,0,0,10,90,62
21429,0,0,0,0,0,0,0,0,0,0,0,0,0,0,0,0,3,1,-6,0,0,0,10,90,62
21529,0,0,0,0,0,0,0,0,0,0,0,0,0,0,0,0,3,1,-6,0,0,0,10,90,62
21630,0,0,0,0,0,0,0,0,0,0,0,0,0,0,0,0,3,1,-6,0,0,0,10,90,62
21731,0,0,0,0,0,0,0,0,0,0,0,0,0,0,0,0,3,1,-6,0,0,0,10,90,63
21833,0,0,0,0,0,0,0,0,0,0,0,0,0,0,0,0,3,1,-6,0,0,0,10,90,63
21948,0,0,0,0,0,0,0,0,0,0,0,0,0,0,0,0,3,1,-6,0,0,0,10,90,63
22049,0,0,0,0,0,0,0,0,0,0,0,0,0,0,0,0,3,1,-6,0,0,0,10,90,63
22152,0,0,0,0,0,0,0,0,0,0,0,0,0,0,0,0,3,1,-6,0,0,0,10,90,63
22253,0,0,0,0,0,0,0,0,0,0,0,0,0,0,0,0,3,1,-6,0,0,0,10,90,63
22353,0,0,0,0,0,0,0,0,0,0,0,0,0,0,0,0,3,1,-6,0,0,0,10,90,63
22454,0,0,0,0,0,0,0,0,0,0,0,0,0,0,0,0,3,1,-6,0,0,0,10,90,63
22555,0,0,0,0,0,0,0,0,0,0,0,0,0,0,0,0,3,1,-6,0,0,0,10,90,63
22656,0,0,0,0,0,0,0,0,0,0,0,0,0,0,0,0,3,1,-6,0,0,0,10,90,63
22757,0,0,0,0,0,0,0,0,0,0,0,0,0,0,0,0,3,1,-6,0,0,0,10,90,62
22857,0,0,0,0,0,0,0,0,0,0,0,0,0,0,0,0,3,1,-6,0,0,0,10,90,62
22959,0,0,0,0,0,0,0,0,0,0,0,0,0,0,0,0,3,1,-6,0,0,0,10,90,62
23059,0,0,0,0,0,0,0,0,0,0,0,0,0,0,0,0,3,1,-6,0,0,0,10,90,62
23161,0,0,0,0,0,0,0,0,0,0,0,0,0,0,0,0,3,1,-6,0,0,0,10,90,62
23262,0,0,0,0,0,0,0,0,0,0,0,0,0,0,0,0,3,0,-6,0,0,0,10,90,62
23363,0,0,0,0,0,0,0,0,0,0,0,0,0,0,0,0,2,0,-6,0,0,0,10,90,62
23464,0,0,0,0,0,0,0,0,0,0,0,0,0,0,0,0,0,0,-6,0,0,0,10,90,62
23565,0,0,0,0,0,0,0,0,0,0,0,0,0,0,0,0,0,0,-5,0,0,-2,27,90,62
23666,0,0,0,0,0,0,0,0,0,0,0,0,0,0,0,0,0,0,-5,0,0,-5,31,90,62
23766,0,0,0,0,0,0,0,0,0,0,0,0,0,0,0,0,0,1,-5,0,-1,-6,31,90,62
23867,0,0,0,0,0,0,0,0,0,0,0,0,0,0,0,0,0,3,-5,0,-1,-7,30,90,62
23968,0,0,0,0,0,0,0,0,0,0,0,0,0,0,0,0,0,3,-6,0,-1,-7,32,90,62
24069,0,0,0,0,0,0,0,0,0,0,0,0,0,0,0,0,0,3,-6,0,-1,-6,38,90,62
24170,0,0,0,0,0,0,0,0,0,0,0,0,0,0,0,0,0,4,-6,0,-1,-6,43,90,62
24272,0,0,0,0,0,0,0,0,0,0,0,0,0,0,0,0,0,5,-5,0,-1,-5,47,90,62
24372,0,0,0,0,0,0,0,0,0,0,0,0,0,0,0,0,0,5,-5,0,-1,-4,51,90,62
24473,0,0,1,62,556,54,43,5,181,16,-21,178,0,0,0,0,0,4,-5,0,0,-2,55,90,62
24574,0,0,1,62,556,54,43,5,181,16,-21,178,0,0,0,0,0,4,-5,0,0,-2,55,90,62
24675,0,0,1,64,579,44,38,7,204,24,-26,201,0,0,0,0,0,3,-5,0,0,-2,57,90,62
24776,0,0,1,72,575,46,37,7,210,24,-23,207,0,0,0,0,-1,3,-5,0,0,-1,58,90,63
24876,0,0,1,67,579,35,37,7,207,24,-25,203,0,0,0,0,-1,3,-6,0,0,-1,60,90,63
24977,0,0,1,68,569,53,37,6,211,22,-21,208,0,0,0,0,-1,4,-6,0,0,-1,61,90,63
25078,0,0,1,68,569,53,37,6,211,22,-21,208,0,0,0,0,0,5,-6,0,0,-1,65,90,63
25179,0,0,1,68,569,53,37,6,211,22,-21,208,0,0,0,0,0,6,-6,0,-1,-1,67,90,63
25280,0,0,1,68,558,50,38,5,207,19,-25,204,0,0,0,0,0,6,-6,0,0,-1,70,90,63
25383,0,0,1,68,559,50,37,6,210,20,-26,207,0,0,0,0,0,6,-6,0,0,-1,72,90,63
25484,0,0,1,68,561,48,36,6,217,21,-27,214,0,0,0,0,0,5,-6,0,0,-1,75,90,63
25585,0,0,1,68,561,48,36,6,217,21,-27,214,0,0,0,0,0,5,-6,0,0,-1,79,90,63
25686,0,0,1,61,558,51,40,5,196,18,-24,193,0,0,0,0,-2,5,-6,0,0,-2,82,90,63
25788,0,0,1,62,530,48,47,4,164,9,-14,162,0,0,0,0,-2,5,-6,0,0,-1,84,90,63
25893,0,0,1,62,530,48,47,4,164,9,-14,162,0,0,0,0,-3,5,-6,0,0,-1,87,90,63
25995,0,0,1,69,511,58,57,2,135,5,-8,134,0,0,0,0,-3,4,-6,0,0,-1,90,90,63
26096,0,0,1,71,522,48,52,3,148,7,-10,146,0,0,0,0,-3,4,-6,0,0,-1,92,90,63
26197,0,0,1,71,522,48,52,3,148,7,-10,146,0,0,0,0,-3,4,-6,0,0,-1,92,90,63
26298,0,0,1,70,536,51,53,4,145,9,-7,143,0,0,0,0,-4,3,-6,0,0,0,93,90,63
26398,0,0,1,73,532,40,52,4,148,9,-9,146,0,0,0,0,-4,3,-5,0,0,0,95,90,63
26499,0,0,1,72,525,55,52,3,148,8,-7,146,0,0,0,0,-5,3,-6,0,0,0,97,90,63
26600,0,0,1,72,525,55,52,3,148,8,-7,146,0,0,0,0,-5,3,-6,0,0,0,97,90,63
26701,0,0,1,70,538,46,47,4,165,11,-9,163,0,0,0,0,-4,4,-6,0,0,0,97,90,63
26801,0,0,1,70,538,46,47,4,165,11,-9,163,0,0,0,0,-3,4,-6,0,0,0,98,90,63
26902,0,0,1,73,528,32,46,3,166,9,-12,163,0,0,0,0,-4,4,-6,0,0,0,98,90,63
27003,0,0,1,73,528,32,46,3,166,9,-12,163,0,0,0,0,-4,4,-6,0,0,0,98,90,63
27105,0,0,1,73,520,35,50,3,153,7,-10,151,0,0,0,0,-4,4,-6,0,0,0,99,90,63
27206,0,0,1,73,520,35,50,3,153,7,-10,151,0,0,0,0,-4,4,-6,0,0,0,101,90,63
27307,0,0,1,73,522,28,47,3,163,8,-12,161,0,0,0,0,-4,4,-6,0,0,-1,103,90,63
27408,0,0,1,73,522,28,47,3,163,8,-12,161,0,0,0,0,-4,4,-6,0,0,-1,105,90,63
27509,0,0,1,76,517,29,47,3,163,7,-12,161,0,0,0,0,-4,4,-6,0,0,-1,106,90,63
27609,0,0,1,73,520,26,46,3,169,8,-13,166,0,0,0,0,-3,4,-5,1,0,-1,108,90,63
27710,0,0,1,72,517,40,47,3,163,7,-13,161,0,0,0,0,-3,4,-6,0,0,-2,111,89,64
27811,0,0,1,76,509,35,50,2,153,5,-13,151,0,0,0,0,-3,4,-6,0,0,-2,114,89,64
27913,0,0,1,76,509,33,49,2,158,5,-14,156,0,0,0,0,-3,4,-6,0,0,-2,114,89,64
28014,0,0,1,75,521,41,44,3,176,8,-14,174,0,0,0,0,-3,4,-6,0,0,-2,114,89,64
28115,0,0,1,75,518,41,44,3,176,8,-8,174,0,0,0,0,-6,4,-5,0,0,-2,122,89,64
28217,0,0,1,75,518,41,44,3,176,8,-8,174,0,0,0,0,-8,4,-6,0,0,-2,124,89,64
28318,0,0,1,75,518,41,44,3,176,8,-8,174,0,0,0,0,-9,3,-6,0,0,-2,126,89,64
28419,0,0,1,75,518,41,44,3,176,8,-8,174,0,0,0,0,-10,3,-6,0,0,-2,128,89,64
28519,0,0,1,75,512,33,41,2,187,7,6,184,0,0,0,0,-9,3,-6,0,0,-2,131,89,64
28620,0,0,1,75,512,33,41,2,187,7,6,184,0,0,0,0,-8,4,-6,0,0,-2,132,89,64
28721,0,0,1,78,512,24,37,2,206,7,-2,203,0,0,0,0,-9,4,-6,0,0,-2,136,89,63
28823,0,0,1,78,512,24,37,2,206,7,-2,203,0,0,0,0,-9,4,-6,0,0,-2,137,89,63
28925,0,0,1,78,512,36,39,2,200,7,3,197,0,0,0,0,-8,3,-6,0,0,-2,140,89,63
29027,0,0,1,63,507,32,37,2,205,6,0,202,0,0,0,0,-8,2,-6,0,0,-1,141,89,63
29133,0,0,1,63,507,32,37,2,205,6,0,202,0,0,0,0,-8,3,-6,0,0,-2,143,89,63
29243,0,0,1,63,507,32,37,2,205,6,0,202,0,0,0,0,-8,3,-6,1,0,-2,146,89,63
29344,0,0,1,68,510,33,34,2,229,8,0,226,0,0,0,0,-8,4,-6,1,0,-2,146,89,63
29445,0,0,1,76,503,28,34,2,227,6,-5,224,0,0,0,0,-7,4,-6,1,0,-1,149,89,63
29545,0,0,1,76,507,35,35,2,221,7,-3,218,0,0,0,0,-7,5,-6,1,0,-1,151,89,63
29646,0,0,1,76,507,35,35,2,221,7,-3,218,0,0,0,0,-7,5,-6,1,0,-1,151,89,63
29748,0,0,1,76,507,35,35,2,221,7,-3,218,0,0,0,0,-8,6,-6,1,0,-1,156,88,63
29849,0,0,1,76,503,39,35,2,226,6,0,223,0,0,0,0,-8,5,-6,2,0,-1,156,88,63
29950,0,0,1,76,503,39,35,2,226,6,0,223,0,0,0,0,-5,6,-6,2,0,0,158,88,63
30050,0,0,1,80,518,49,34,3,229,10,-8,227,0,0,0,0,-4,6,-6,2,0,0,160,88,63
30152,0,0,1,80,518,49,34,3,229,10,-8,227,0,0,0,0,-4,6,-6,2,0,0,159,88,63
30255,0,0,1,79,518,60,35,3,222,10,-9,220,0,0,0,0,-4,6,-5,2,0,0,160,88,63
30357,0,0,1,79,518,60,35,3,222,10,-9,220,0,0,0,0,-3,6,-6,2,0,0,159,88,63
30458,0,0,1,76,523,95,34,3,229,12,-5,228,0,0,0,0,-2,6,-6,2,0,0,159,88,63
30558,0,0,1,74,527,135,35,3,226,12,0,225,0,0,0,0,-3,6,-6,2,0,0,160,88,63
30659,0,0,1,73,525,149,34,3,229,12,7,228,0,0,0,0,-3,6,-6,1,0,0,158,88,63
30760,0,0,1,75,523,149,34,3,229,12,7,228,0,0,0,0,-4,6,-6,1,0,0,157,88,63
30862,0,0,1,75,523,149,34,3,229,12,7,228,0,0,0,0,-4,6,-6,1,0,0,157,88,63
30963,0,0,1,76,517,170,34,3,228,10,16,227,0,0,0,0,-5,5,-6,0,0,0,155,88,63
31063,0,0,1,77,510,154,35,2,224,8,16,224,0,0,0,0,-8,5,-6,0,0,0,156,88,63
31164,0,0,1,79,507,153,34,2,231,7,28,231,0,0,0,0,-10,6,-6,0,0,0,156,88,63
31265,0,0,1,79,512,132,32,2,244,9,33,243,0,0,0,0,-10,7,-6,0,0,0,156,88,63
31365,0,0,1,77,516,127,32,3,246,10,32,245,0,0,0,0,-9,6,-6,0,0,0,153,88,63
31467,0,0,1,73,523,117,31,3,247,12,12,245,0,0,0,0,-6,5,-5,0,0,0,153,88,63
31568,0,0,1,73,523,117,31,3,247,12,12,245,0,0,0,0,-5,4,-5,0,-1,0,151,88,63
31669,0,0,1,73,523,117,31,3,247,12,12,245,0,0,0,0,-5,4,-6,-1,-1,0,151,88,63
31770,0,0,1,78,523,40,30,3,255,13,-12,252,0,0,0,0,-6,4,-6,-1,-2,0,152,87,63
31871,0,0,1,78,523,40,30,3,255,13,-12,252,0,0,0,0,-5,4,-6,-1,-3,0,149,87,63
31972,0,0,1,79,529,55,30,3,261,15,-8,258,0,0,0,0,-5,5,-6,-2,-3,0,150,87,63
32073,0,0,1,79,529,55,30,3,261,15,-8,258,0,0,0,0,-5,5,-6,-3,-4,0,147,87,63
32174,0,0,1,79,523,136,30,3,261,13,13,260,0,0,0,0,-5,5,-6,-3,-4,0,146,87,63
32278,0,0,1,79,523,136,30,3,261,13,13,260,0,0,0,0,-5,5,-6,-4,-4,0,144,87,63
32379,0,0,1,79,526,127,30,3,261,14,11,260,0,0,0,0,-5,5,-6,-4,-4,0,143,87,63
32480,0,0,1,83,529,134,27,3,282,16,14,281,0,0,0,0,-5,5,-6,-5,-4,0,141,87,63
32580,0,0,1,83,529,134,27,3,282,16,14,281,0,0,0,0,-5,4,-6,-6,-4,0,140,87,63
32681,0,0,1,83,544,136,24,4,322,25,17,321,0,0,0,0,-5,3,-6,-6,-5,0,141,87,63
32782,0,0,1,83,547,126,21,5,373,30,16,371,0,0,0,0,-5,4,-6,-7,-5,0,142,87,64
32883,0,0,1,70,570,140,20,6,384,42,22,381,0,0,0,0,-5,3,-6,-8,-6,0,141,87,64
32984,0,0,1,69,587,144,18,7,424,55,26,419,0,0,0,0,-5,4,-5,-8,-7,0,142,87,64
33084,0,0,1,79,599,144,21,8,373,54,29,369,0,0,0,0,-6,4,-5,-9,-7,0,142,87,64
33185,0,0,1,78,604,151,19,9,410,61,35,405,0,0,0,0,-6,4,-5,-9,-8,0,143,87,64
33286,0,0,1,79,608,154,18,9,433,67,38,427,0,0,0,0,-6,5,-5,-10,-8,0,142,87,64
33387,0,0,1,79,608,154,18,9,433,67,38,427,0,0,0,0,-6,5,-6,-10,-8,0,142,87,64
33490,0,0,1,63,640,178,19,11,409,79,53,400,0,0,0,0,-7,4,-6,-10,-9,0,140,87,64
33592,0,0,1,69,642,173,18,11,422,82,46,413,0,0,0,0,-6,4,-6,-9,-10,0,141,87,64
33693,0,0,0,69,642,173,0,11,422,82,46,413,0,0,0,0,-5,4,-6,-8,-10,0,140,87,64
33794,0,0,1,69,668,163,16,13,481,109,39,468,0,0,0,0,-5,5,-6,-8,-11,0,138,86,64
33895,0,0,1,69,668,163,16,13,481,109,39,468,0,0,0,0,-5,4,-6,-7,-11,0,138,86,64
33995,0,0,1,64,704,164,16,16,486,131,31,468,0,0,0,0,-4,4,-6,-7,-12,0,138,86,64
34096,0,0,1,68,718,184,16,17,481,137,41,460,0,0,0,0,-4,5,-6,-7,-12,0,137,86,64
34197,0,0,1,68,718,184,16,17,481,137,41,460,0,0,0,0,-4,5,-6,-7,-12,0,137,86,64
34298,0,0,1,68,718,184,16,17,481,137,41,460,0,0,0,0,-4,5,-6,-8,-11,0,136,86,64
34399,0,0,1,73,773,202,16,21,489,171,51,457,0,0,0,0,-4,5,-6,-8,-11,-1,135,86,64
34500,0,0,1,77,787,190,14,21,537,196,58,499,0,0,0,0,-5,5,-6,-8,-11,-1,134,86,64
34601,0,0,1,77,795,195,14,22,534,200,52,495,0,0,0,0,-4,4,-6,-8,-11,0,133,86,64
34701,0,0,1,77,795,195,14,22,534,200,52,495,0,0,0,0,-4,4,-5,-8,-11,0,133,86,64
34802,0,0,1,73,821,203,14,24,534,216,56,488,0,0,0,0,-4,4,-6,-8,-11,0,135,86,64
34903,0,0,1,74,834,184,15,25,526,220,45,477,0,0,0,0,-5,4,-6,-8,-11,0,134,86,64
35004,0,0,1,76,839,182,16,25,486,206,49,440,0,0,0,0,-5,5,-7,-8,-11,0,129,86,64
35105,0,0,1,69,858,214,15,26,529,235,71,473,0,0,0,0,-5,5,-7,-8,-11,0,129,86,64
35206,0,0,1,70,876,195,14,28,550,255,63,486,0,0,0,0,-5,6,-6,-7,-10,0,129,86,64
35306,0,0,1,70,876,195,14,28,550,255,63,486,0,0,0,0,-5,5,-6,-6,-9,0,130,86,64
35408,0,0,1,73,900,172,13,29,591,289,43,514,0,0,0,0,-4,5,-6,-5,-9,0,130,86,64
35508,0,0,1,73,900,172,13,29,591,289,43,514,0,0,0,0,-4,5,-6,-5,-9,0,130,86,64
35609,0,0,1,73,900,172,13,29,591,289,43,514,0,0,0,0,-4,5,-6,-4,-8,1,127,86,64
35711,0,0,0,73,900,172,0,29,591,289,43,514,0,0,0,0,-4,5,-6,-4,-8,1,125,85,64
35812,0,0,0,73,900,172,0,29,591,289,43,514,0,0,0,0,-4,6,-6,-3,-8,3,121,85,65
35913,0,0,0,73,900,172,0,29,591,289,43,514,0,0,0,0,-4,5,-5,-4,-8,3,116,85,65
36014,0,0,0,73,900,172,0,29,591,289,43,514,0,0,0,0,-4,6,-5,-4,-8,4,112,85,65
36115,0,0,0,73,900,172,0,29,591,289,43,514,0,0,0,0,-6,7,-6,-4,-8,5,106,85,65
36216,0,0,0,73,900,172,0,29,591,289,43,514,0,0,0,0,-8,7,-6,-3,-7,5,99,85,65
36317,0,0,0,73,900,172,0,29,591,289,43,514,0,0,0,0,-5,8,-6,-2,-7,6,92,85,65
36418,0,0,0,73,900,172,0,29,591,289,43,514,0,0,0,0,-5,9,-6,-2,-6,6,86,85,65
36519,0,0,0,73,900,172,0,29,591,289,43,514,0,0,0,0,-5,10,-6,-2,-5,6,78,85,65
36620,0,0,0,73,900,172,0,29,591,289,43,514,0,0,0,0,-5,10,-6,-1,-4,6,71,85,65
36721,0,0,0,73,900,172,0,29,591,289,43,514,0,0,0,0,-4,11,-6,-1,-4,6,65,85,65
36822,0,0,0,73,900,172,0,29,591,289,43,514,0,0,0,0,-5,11,-6,0,-3,6,59,85,65
36922,0,0,0,73,900,172,0,29,591,289,43,514,0,0,0,0,-5,12,-7,0,-3,5,54,85,65
37025,0,0,0,73,900,172,0,29,591,289,43,514,0,0,0,0,-5,13,-6,0,-2,5,49,85,65
37126,0,0,0,73,900,172,0,29,591,289,43,514,0,0,0,0,-3,12,-6,0,-1,5,44,85,65
37229,0,0,0,73,900,172,0,29,591,289,43,514,0,0,0,0,-2,9,-6,0,0,4,40,85,65
37330,0,0,0,73,900,172,0,29,591,289,43,514,0,0,0,0,-2,8,-6,0,0,4,36,85,65
37431,0,0,0,73,900,172,0,29,591,289,43,514,0,0,0,0,-3,8,-6,0,0,4,31,85,65
37533,0,0,0,73,900,172,0,29,591,289,43,514,0,0,0,0,-2,8,-6,0,0,4,29,85,65
37633,0,0,0,73,900,172,0,29,591,289,43,514,0,0,0,0,-3,6,-6,0,0,4,30,85,65
37734,0,0,0,73,900,172,0,29,591,289,43,514,0,0,0,0,-4,6,-6,0,0,4,29,84,65
37835,0,0,0,73,900,172,0,29,591,289,43,514,0,0,0,0,-4,5,-6,0,1,4,29,84,65
37937,0,0,0,73,900,172,0,29,591,289,43,514,0,0,0,0,-3,2,-6,0,1,4,27,84,65
38037,0,0,0,73,900,172,0,29,591,289,43,514,0,0,0,0,3,4,-2,0,1,3,26,84,65
38140,0,0,0,73,900,172,0,29,591,289,43,514,0,0,0,0,0,0,2,2,4,7,24,84,65
38241,0,0,0,73,900,172,0,29,591,289,43,514,0,0,0,0,4,-3,0,4,2,4,26,84,65
38342,0,0,0,73,900,172,0,29,591,289,43,514,0,0,0,0,8,0,-5,4,1,4,28,84,65
38443,0,0,0,73,900,172,0,29,591,289,43,514,0,0,0,0,6,0,-6,3,1,4,28,84,65
38543,0,0,0,73,900,172,0,29,591,289,43,514,0,0,0,0,4,0,-6,3,1,3,29,84,65
38644,0,0,0,73,900,172,0,29,591,289,43,514,0,0,0,0,3,0,-6,3,1,3,30,84,65
38745,0,0,0,73,900,172,0,29,591,289,43,514,0,0,0,0,4,0,-6,3,0,3,28,84,65
38846,0,0,0,73,900,172,0,29,591,289,43,514,0,0,0,0,5,1,-6,3,0,3,29,84,64
38947,0,0,0,73,900,172,0,29,591,289,43,514,0,0,0,0,5,2,-6,3,0,3,29,84,64
39048,0,0,0,73,900,172,0,29,591,289,43,514,0,0,0,0,3,1,-6,3,0,3,28,84,64
39149,0,0,0,73,900,172,0,29,591,289,43,514,0,0,0,0,2,1,-6,3,0,3,29,84,64
39250,0,0,0,73,900,172,0,29,591,289,43,514,0,0,0,0,2,0,-6,4,0,3,27,84,64
39351,0,0,0,73,900,172,0,29,591,289,43,514,0,0,0,0,2,1,-6,5,-1,3,30,84,64
39451,0,0,0,73,900,172,0,29,591,289,43,514,0,0,0,0,1,1,-6,6,-2,3,31,84,64
39552,0,0,0,73,900,172,0,29,591,289,43,514,0,0,0,0,2,1,-6,7,-2,3,29,84,64
39652,0,0,1,63,914,98,12,30,640,322,-80,550,0,0,0,0,3,0,-6,7,-2,3,28,84,64
39753,0,0,0,63,914,98,0,30,640,322,-80,550,0,0,0,0,2,0,-5,7,-3,4,29,83,64
39853,0,0,1,61,910,112,15,30,513,256,-48,443,0,0,0,0,2,1,-6,8,-4,3,29,83,64
39955,0,0,1,61,910,112,15,30,513,256,-48,443,0,0,0,0,2,2,-6,9,-4,3,30,83,64
40055,0,0,1,61,910,112,15,30,513,256,-48,443,0,0,0,0,2,1,-6,10,-4,3,27,83,64
40156,0,0,1,74,906,99,15,30,521,258,-55,451,0,0,0,0,2,1,-6,10,-4,3,27,83,64
40258,0,0,1,75,898,103,15,29,4197,2045,1091,3653,0,0,0,0,-19,-62,37,15,-4,10,141,83,64
40359,0,0,1,75,898,103,15,29,4197,2045,1091,3653,0,0,0,0,10,-108,88,17,-6,15,10,83,64
40460,0,0,1,77,893,115,14,29,24960,12042,-18887,21818,0,0,0,0,46,-78,150,19,-6,22,10,83,64
40560,0,0,0,77,893,115,0,29,24960,12042,-18887,21818,0,0,0,0,-7,0,-178,19,-10,11,10,83,64
40661,0,0,0,77,893,115,0,29,24960,12042,-18887,21818,0,0,0,0,-11,-3,-171,26,0,6,10,83,64
40761,0,0,0,77,893,115,0,29,24960,12042,-18887,21818,0,0,0,0,9,-29,-162,29,1,0,10,83,64
40862,0,0,0,77,893,115,0,29,24960,12042,-18887,21818,0,0,0,0,15,-34,-156,30,0,0,10,83,65
40963,0,0,0,77,893,115,0,29,24960,12042,-18887,21818,0,0,0,0,17,-30,-154,30,-1,0,10,83,65
41063,0,0,0,77,893,115,0,29,24960,12042,-18887,21818,0,0,0,0,17,-30,-154,31,-1,0,10,83,65
41164,0,0,0,77,893,115,0,29,24960,12042,-18887,21818,0,0,0,0,16,-30,-154,32,-2,0,10,83,65
41265,0,0,0,77,893,115,0,29,24960,12042,-18887,21818,0,0,0,0,16,-30,-154,33,-2,0,10,83,65
41365,0,0,0,77,893,115,0,29,24960,12042,-18887,21818,0,0,0,0,16,-30,-154,34,-2,0,10,83,65
41466,0,0,1,66,487,166,136,0,90,0,-25,90,0,0,0,0,16,-29,-154,34,-2,0,10,83,65
41566,0,0,1,66,487,166,136,0,90,0,-25,90,0,0,0,0,16,-29,-153,35,-2,0,10,83,65
41667,0,0,1,67,493,156,141,1,88,1,-23,87,0,0,0,0,15,-29,-153,36,-2,-1,10,83,65
41768,0,0,0,67,493,156,0,1,88,1,-23,87,0,0,0,0,15,-29,-153,37,-2,-1,10,82,65
41869,0,0,0,67,493,156,0,1,88,1,-23,87,0,0,0,0,15,-29,-153,37,-2,-1,10,82,65
41970,0,0,0,67,493,156,0,1,88,1,-23,87,0,0,0,0,15,-29,-153,38,-2,-1,10,82,65
42071,0,0,0,67,493,156,0,1,88,1,-23,87,0,0,0,0,15,-29,-153,39,-2,-2,10,82,65
42172,0,0,0,67,493,156,0,1,88,1,-23,87,0,0,0,0,15,-29,-153,39,-2,-2,10,82,65
42273,0,0,0,67,493,156,0,1,88,1,-23,87,0,0,0,0,14,-29,-153,40,-2,-2,10,82,65
42374,0,0,0,67,493,156,0,1,88,1,-23,87,0,0,0,0,14,-29,-153,40,-3,-2,10,82,65
42475,0,0,0,67,493,156,0,1,88,1,-23,87,0,0,0,0,14,-29,-153,0,0,-2,10,82,65
42577,0,0,0,67,493,156,0,1,88,1,-23,87,0,0,0,0,14,-29,-153,0,0,0,10,82,65
42678,0,0,0,67,493,156,0,1,88,1,-23,87,0,0,0,0,12,-31,-152,0,0,0,10,82,65
42779,0,0,0,67,493,156,0,1,88,1,-23,87,0,0,0,0,12,-32,-152,0,0,0,10,82,65
42880,0,0,0,67,493,156,0,1,88,1,-23,87,0,0,0,0,12,-32,-152,0,0,0,10,82,65
42981,0,0,0,67,493,156,0,1,88,1,-23,87,0,0,0,0,12,-32,-152,0,0,0,10,82,65
43082,0,0,0,67,493,156,0,1,88,1,-23,87,0,0,0,0,12,-32,-152,0,0,0,10,82,65
43182,0,0,0,67,493,156,0,1,88,1,-23,87,0,0,0,0,12,-32,-151,0,0,0,10,82,65
43284,0,0,0,67,493,156,0,1,88,1,-23,87,0,0,0,0,12,-32,-151,0,0,0,10,82,65
43387,0,0,0,67,493,156,0,1,88,1,-23,87,0,0,0,0,12,-32,-151,0,0,0,10,82,65
43488,0,0,0,67,493,156,0,1,88,1,-23,87,0,0,0,0,12,-32,-151,0,0,0,10,82,65
43589,0,0,0,67,493,156,0,1,88,1,-23,87,0,0,0,0,12,-32,-151,0,0,0,10,82,65
43699,0,0,0,67,493,156,0,1,88,1,-23,87,0,0,0,0,12,-32,-151,0,0,0,10,82,65
43801,0,0,0,67,493,156,0,1,88,1,-23,87,0,0,0,0,12,-32,-150,0,0,0,10,81,65
43901,0,0,0,67,493,156,0,1,88,1,-23,87,0,0,0,0,12,-32,-150,0,0,0,10,81,65
44002,0,0,0,67,493,156,0,1,88,1,-23,87,0,0,0,0,11,-31,-150,0,0,0,10,81,65
44103,0,0,0,67,493,156,0,1,88,1,-23,87,0,0,0,0,11,-31,-150,0,0,0,10,81,65
44204,0,0,0,67,493,156,0,1,88,1,-23,87,0,0,0,0,11,-31,-150,0,0,0,10,81,65
44308,0,0,0,67,493,156,0,1,88,1,-23,87,0,0,0,0,11,-31,-150,0,0,0,10,81,65
44409,0,0,0,67,493,156,0,1,88,1,-23,87,0,0,0,0,11,-31,-149,0,0,0,10,81,65
44510,0,0,0,67,493,156,0,1,88,1,-23,87,0,0,0,0,11,-31,-149,0,0,0,10,81,65
44611,0,0,0,67,493,156,0,1,88,1,-23,87,0,0,0,0,11,-31,-149,0,0,0,10,81,65
44711,0,0,0,67,493,156,0,1,88,1,-23,87,0,0,0,0,11,-31,-149,0,0,0,10,81,65
44812,0,0,0,67,493,156,0,1,88,1,-23,87,0,0,0,0,11,-31,-149,0,0,0,10,81,65
44912,0,0,0,67,493,156,0,1,88,1,-23,87,0,0,0,0,11,-31,-149,0,0,0,10,81,65
45014,0,0,0,67,493,156,0,1,88,1,-23,87,0,0,0,0,11,-31,-149,0,0,0,10,81,65
45115,0,0,0,67,493,156,0,1,88,1,-23,87,0,0,0,0,11,-31,-149,0,0,0,10,81,65
45215,0,0,0,67,493,156,0,1,88,1,-23,87,0,0,0,0,11,-31,-149,0,0,0,10,81,65
45316,0,0,0,67,493,156,0,1,88,1,-23,87,0,0,0,0,11,-31,-149,0,0,0,10,81,65
45417,0,0,0,67,493,156,0,1,88,1,-23,87,0,0,0,0,11,-31,-149,0,0,0,10,81,65
45517,0,0,0,67,493,156,0,1,88,1,-23,87,0,0,0,0,11,-31,-149,0,0,0,10,81,65
45621,0,0,0,67,493,156,0,1,88,1,-23,87,0,0,0,0,11,-31,-149,0,0,0,10,81,65
45722,0,0,0,67,493,156,0,1,88,1,-23,87,0,0,0,0,11,-31,-149,0,0,0,10,80,65
45823,0,0,0,67,493,156,0,1,88,1,-23,87,0,0,0,0,11,-31,-149,0,0,0,10,80,65
45924,0,0,0,67,493,156,0,1,88,1,-23,87,0,0,0,0,11,-31,-148,0,0,0,10,80,66
46025,0,0,0,67,493,156,0,1,88,1,-23,87,0,0,0,0,11,-31,-148,0,0,0,10,80,66
46126,0,0,0,67,493,156,0,1,88,1,-23,87,0,0,0,0,11,-31,-148,0,0,0,10,80,66
46226,0,0,0,67,493,156,0,1,88,1,-23,87,0,0,0,0,11,-31,-148,0,0,0,10,80,66
46327,0,0,0,67,493,156,0,1,88,1,-23,87,0,0,0,0,11,-31,-148,0,0,0,10,80,66
46428,0,0,0,67,493,156,0,1,88,1,-23,87,0,0,0,0,11,-31,-148,0,0,0,10,80,66
46528,0,0,0,67,493,156,0,1,88,1,-23,87,0,0,0,0,11,-31,-148,0,0,0,10,80,66
46629,0,0,0,67,493,156,0,1,88,1,-23,87,0,0,0,0,11,-31,-148,0,0,0,10,80,66
46730,0,0,0,67,493,156,0,1,88,1,-23,87,0,0,0,0,10,-28,-149,0,0,0,10,80,66
46831,0,0,0,67,493,156,0,1,88,1,-23,87,0,0,0,0,10,-27,-149,0,0,0,10,80,65
46931,0,0,0,67,493,156,0,1,88,1,-23,87,0,0,0,0,10,-24,-149,0,0,0,10,80,65
47032,0,0,0,67,493,156,0,1,88,1,-23,87,0,0,0,0,10,-24,-149,0,0,0,10,80,65
47133,0,0,0,67,493,156,0,1,88,1,-23,87,0,0,0,0,10,-12,-142,0,1,-2,10,80,65
47236,0,0,0,67,493,156,0,1,88,1,-23,87,0,0,0,0,-1,12,-129,-1,0,-6,10,80,65
47336,0,0,0,67,493,156,0,1,88,1,-23,87,0,0,0,0,-1,12,-129,-1,0,-6,10,80,65
47437,0,0,0,67,493,156,0,1,88,1,-23,87,0,0,0,0,-12,20,-110,-1,1,-7,10,80,65
47538,0,0,0,67,493,156,0,1,88,1,-23,87,0,0,0,0,-24,23,-102,0,2,-7,10,80,65
47639,0,0,0,67,493,156,0,1,88,1,-23,87,0,0,0,0,-43,26,-109,5,0,-7,47,80,65
47740,0,0,0,67,493,156,0,1,88,1,-23,87,0,0,0,0,-43,26,-109,5,0,-7,47,80,65
47841,0,0,0,67,493,156,0,1,88,1,-23,87,0,0,0,0,-44,16,-93,7,0,0,51,79,65
47942,0,0,0,67,493,156,0,1,88,1,-23,87,0,0,0,0,-44,16,-93,7,0,0,51,79,65
48043,0,0,0,67,493,156,0,1,88,1,-23,87,0,0,0,0,-36,3,-85,8,3,0,35,79,65
48143,0,0,0,67,493,156,0,1,88,1,-23,87,0,0,0,0,-31,-1,-91,6,6,-1,30,79,65
48244,0,0,0,67,493,156,0,1,88,1,-23,87,0,0,0,0,-27,0,-106,5,8,-1,33,79,65
48345,0,0,0,67,493,156,0,1,88,1,-23,87,0,0,0,0,-27,0,-131,8,9,-1,40,79,65
48446,0,0,0,67,493,156,0,1,88,1,-23,87,0,0,0,0,-30,-7,-142,9,7,-1,37,79,65
48547,0,0,0,67,493,156,0,1,88,1,-23,87,0,0,0,0,-36,-15,-149,8,7,-3,47,79,65
48648,0,0,0,67,493,156,0,1,88,1,-23,87,0,0,0,0,-36,-27,-141,8,5,-4,53,79,65
48749,0,0,0,67,493,156,0,1,88,1,-23,87,0,0,0,0,-36,-36,-133,9,4,-5,61,79,65
48851,0,0,0,67,493,156,0,1,88,1,-23,87,0,0,0,0,-38,-39,-138,0,0,-6,82,79,65
48952,0,0,0,67,493,156,0,1,88,1,-23,87,0,0,0,0,-35,-68,-128,0,0,-9,196,79,65
49054,0,0,0,67,493,156,0,1,88,1,-23,87,0,0,0,0,-38,-72,-132,0,0,-7,281,79,65
49155,0,0,0,67,493,156,0,1,88,1,-23,87,0,0,0,0,-38,-72,-132,0,0,-7,281,79,65
49256,0,0,0,67,493,156,0,1,88,1,-23,87,0,0,0,0,-27,-97,-122,0,0,-8,6553,79,65
49357,0,0,0,67,493,156,0,1,88,1,-23,87,0,0,0,0,-17,-109,-119,0,0,-7,6553,79,65
49458,0,0,0,67,493,156,0,1,88,1,-23,87,0,0,0,0,-9,-121,-117,0,0,-5,6553,79,65
49559,0,0,0,67,493,156,0,1,88,1,-23,87,0,0,0,0,-3,-133,-119,0,0,-5,6553,79,65
49661,0,0,0,67,493,156,0,1,88,1,-23,87,0,0,0,0,2,-142,-125,0,0,-8,6553,79,65
49762,0,0,0,67,493,156,0,1,88,1,-23,87,0,0,0,0,3,-150,-134,0,0,-7,10,78,65
49863,0,0,0,67,493,156,0,1,88,1,-23,87,0,0,0,0,2,-153,-143,0,0,-6,10,78,65
49965,0,0,0,67,493,156,0,1,88,1,-23,87,0,0,0,0,-1,-160,-152,0,0,-7,10,78,65
50066,0,0,1,62,216,167,63,-18,139,-44,33,131,0,0,0,0,-14,-165,-158,0,0,-6,10,78,65
50167,0,0,0,62,216,167,0,-18,139,-44,33,131,0,0,0,0,-27,-167,-166,0,0,-4,10,78,65
50268,0,0,0,62,216,167,0,-18,139,-44,33,131,0,0,0,0,-33,-171,-170,0,0,-5,10,78,65
50369,0,0,0,62,216,167,0,-18,139,-44,33,131,0,0,0,0,-39,-172,-169,0,0,-2,10,78,65
50470,0,0,0,62,216,167,0,-18,139,-44,33,131,0,0,0,0,-37,-171,-169,0,0,0,10,78,65
50571,0,0,0,62,216,167,0,-18,139,-44,33,131,0,0,0,0,-39,-168,-171,0,0,1,10,78,65
50671,0,0,0,62,216,167,0,-18,139,-44,33,131,0,0,0,0,-42,-166,-172,0,0,2,10,78,65
50772,0,0,0,62,216,167,0,-18,139,-44,33,131,0,0,0,0,-43,-165,-171,0,0,4,10,78,65
50873,0,0,0,62,216,167,0,-18,139,-44,33,131,0,0,0,0,-46,-163,-168,0,0,5,10,78,66
50974,0,0,0,62,216,167,0,-18,139,-44,33,131,0,0,0,0,-46,-149,-166,0,0,6,10,78,66
51075,0,0,0,62,216,167,0,-18,139,-44,33,131,0,0,0,0,-47,-114,-170,0,0,11,6553,78,66
51177,0,0,0,62,216,167,0,-18,139,-44,33,131,0,0,0,0,-35,-63,179,0,0,15,256,78,66
51279,0,0,0,62,216,167,0,-18,139,-44,33,131,0,0,0,0,-20,-29,174,0,0,17,116,78,66
51380,0,0,0,62,216,167,0,-18,139,-44,33,131,0,0,0,0,-8,-25,-172,0,0,13,85,78,66
51481,0,0,0,62,216,167,0,-18,139,-44,33,131,0,0,0,0,0,-20,-162,0,0,8,83,78,66
51581,0,0,0,62,216,167,0,-18,139,-44,33,131,0,0,0,0,-2,-19,-153,0,0,1,81,78,66
51683,0,0,1,61,767,75,59,20,163,55,-4,152,0,0,0,0,-4,-20,-149,0,0,-2,87,77,66
51784,0,0,1,61,767,75,59,20,163,55,-4,152,0,0,0,0,-11,-14,-171,0,0,-3,92,77,66
51885,0,0,1,61,767,75,59,20,163,55,-4,152,0,0,0,0,-15,-5,170,12,-1,-3,98,77,66
51986,0,0,0,61,767,75,0,20,163,55,-4,152,0,0,0,0,-15,-2,160,10,-3,0,101,77,66
52087,0,0,0,61,767,75,0,20,163,55,-4,152,0,0,0,0,-14,-8,159,8,-5,2,99,77,66
52187,0,0,0,61,767,75,0,20,163,55,-4,152,0,0,0,0,-11,-14,154,6,-5,1,99,77,66
52288,0,0,0,61,767,75,0,20,163,55,-4,152,0,0,0,0,-8,-17,144,3,-4,0,98,77,66
52389,0,0,0,61,767,75,0,20,163,55,-4,152,0,0,0,0,-6,-17,134,1,-3,0,99,77,66
52490,0,0,0,61,767,75,0,20,163,55,-4,152,0,0,0,0,7,-27,133,0,-2,-1,90,77,66
52591,0,0,0,61,767,75,0,20,163,55,-4,152,0,0,0,0,3,-29,127,-1,-1,-1,103,77,66
52692,0,0,0,61,767,75,0,20,163,55,-4,152,0,0,0,0,-3,-33,125,-2,-1,-1,114,77,66
52793,0,0,0,61,767,75,0,20,163,55,-4,152,0,0,0,0,-10,-35,121,-2,-1,-3,120,77,66
52894,0,0,0,61,767,75,0,20,163,55,-4,152,0,0,0,0,-12,-36,115,-2,-1,-3,124,77,66
52994,0,0,0,61,767,75,0,20,163,55,-4,152,0,0,0,0,-11,-35,112,-2,-1,-2,126,77,66
53095,0,0,0,61,767,75,0,20,163,55,-4,152,0,0,0,0,-14,-35,114,-3,0,-3,129,77,66
53196,0,0,0,61,767,75,0,20,163,55,-4,152,0,0,0,0,-16,-37,113,-2,0,-2,138,77,66
53296,0,0,0,61,767,75,0,20,163,55,-4,152,0,0,0,0,-13,-41,116,-3,0,-3,145,77,66
53397,0,0,0,61,767,75,0,20,163,55,-4,152,0,0,0,0,-8,-41,118,-3,1,-3,145,77,66
53498,0,0,0,61,767,75,0,20,163,55,-4,152,0,0,0,0,-1,-46,122,-3,1,-3,157,77,66
53599,0,0,0,61,767,75,0,20,163,55,-4,152,0,0,0,0,3,-48,122,-3,2,-3,158,77,66
53700,0,0,0,61,767,75,0,20,163,55,-4,152,0,0,0,0,4,-48,123,0,0,-2,10,76,66
53800,0,0,0,61,767,75,0,20,163,55,-4,152,0,0,0,0,2,-51,125,0,0,-2,160,76,66
53901,0,0,0,61,767,75,0,20,163,55,-4,152,0,0,0,0,1,-51,126,0,0,-2,161,76,66
54002,0,0,0,61,767,75,0,20,163,55,-4,152,0,0,0,0,5,-50,125,0,0,-2,156,76,66
54102,0,0,0,61,767,75,0,20,163,55,-4,152,0,0,0,0,19,-54,135,0,0,-2,191,76,66
54203,0,0,0,61,767,75,0,20,163,55,-4,152,0,0,0,0,14,-54,134,0,0,-2,196,76,66
54305,0,0,0,61,767,75,0,20,163,55,-4,152,0,0,0,0,14,-54,134,0,0,-2,196,76,66
54406,0,0,0,61,767,75,0,20,163,55,-4,152,0,0,0,0,25,-46,136,0,0,-2,176,76,66
54507,0,0,0,61,767,75,0,20,163,55,-4,152,0,0,0,0,33,-38,155,0,0,-2,169,76,66
54608,0,0,0,61,767,75,0,20,163,55,-4,152,0,0,0,0,31,-36,152,0,0,-2,162,76,66
54709,0,0,0,61,767,75,0,20,163,55,-4,152,0,0,0,0,31,-60,129,0,0,-1,125,76,66
54809,0,0,0,61,767,75,0,20,163,55,-4,152,0,0,0,0,41,-64,124,0,0,-1,10,76,66
54911,0,0,0,61,767,75,0,20,163,55,-4,152,0,0,0,0,28,-53,139,0,0,-1,203,76,66
55011,0,0,0,61,767,75,0,20,163,55,-4,152,0,0,0,0,24,-53,138,0,0,-1,200,76,66
55112,0,0,0,61,767,75,0,20,163,55,-4,152,0,0,0,0,22,-52,140,0,0,-1,193,76,66
55214,0,0,0,61,767,75,0,20,163,55,-4,152,0,0,0,0,23,-50,140,0,0,-1,188,76,66
55314,0,0,0,61,767,75,0,20,163,55,-4,152,0,0,0,0,24,-50,142,0,0,-1,190,76,66
55415,0,0,0,61,767,75,0,20,163,55,-4,152,0,0,0,0,31,-52,143,0,0,-1,205,76,66
55516,0,0,0,61,767,75,0,20,163,55,-4,152,0,0,0,0,42,-48,158,0,0,0,223,76,66
55616,0,0,0,61,767,75,0,20,163,55,-4,152,0,0,0,0,44,-40,-176,0,0,0,197,76,66
55717,0,0,0,61,767,75,0,20,163,55,-4,152,0,0,0,0,46,-19,-136,0,0,3,162,75,66
55818,0,0,0,61,767,75,0,20,163,55,-4,152,0,0,0,0,41,-3,-102,0,0,5,139,75,66
55918,0,0,0,61,767,75,0,20,163,55,-4,152,0,0,0,0,32,6,-76,1,11,6,116,75,66
56019,0,0,0,61,767,75,0,20,163,55,-4,152,0,0,0,0,22,5,-60,0,14,4,101,75,66
56120,0,0,0,61,767,75,0,20,163,55,-4,152,0,0,0,0,14,1,-44,-3,14,2,93,75,66
56223,0,0,0,61,767,75,0,20,163,55,-4,152,0,0,0,0,6,0,-29,-4,13,2,85,75,66
56323,0,0,0,61,767,75,0,20,163,55,-4,152,0,0,0,0,0,-1,-15,-4,12,3,81,75,66
56424,0,0,0,61,767,75,0,20,163,55,-4,152,0,0,0,0,-5,0,-4,-5,10,1,77,75,66
56525,0,0,0,61,767,75,0,20,163,55,-4,152,0,0,0,0,-8,1,4,-4,8,0,77,75,66
56626,0,0,0,61,767,75,0,20,163,55,-4,152,0,0,0,0,-7,4,14,-3,7,-2,78,75,66
56727,0,0,0,61,767,75,0,20,163,55,-4,152,0,0,0,0,-4,3,21,-2,6,-1,78,75,66
56828,0,0,0,61,767,75,0,20,163,55,-4,152,0,0,0,0,-5,4,29,-3,4,1,76,75,66
56928,0,0,0,61,767,75,0,20,163,55,-4,152,0,0,0,0,-8,6,37,-2,2,2,73,75,66
57029,0,0,0,61,767,75,0,20,163,55,-4,152,0,0,0,0,-15,7,46,-2,1,2,75,75,66
57130,0,0,0,61,767,75,0,20,163,55,-4,152,0,0,0,0,-23,6,59,-1,1,-1,81,75,66
57231,0,0,0,61,767,75,0,20,163,55,-4,152,0,0,0,0,-31,5,67,2,2,-4,90,75,66
57332,0,0,0,61,767,75,0,20,163,55,-4,152,0,0,0,0,-32,5,73,2,7,-3,89,75,66
57433,0,0,0,61,767,75,0,20,163,55,-4,152,0,0,0,0,-28,2,81,2,6,-1,89,75,66
57534,0,0,0,61,767,75,0,20,163,55,-4,152,0,0,0,0,-28,2,85,4,5,1,89,75,66
57635,0,0,0,61,767,75,0,20,163,55,-4,152,0,0,0,0,-31,4,84,5,6,2,89,75,66
57735,0,0,0,61,767,75,0,20,163,55,-4,152,0,0,0,0,-33,5,84,5,10,2,89,74,66
57836,0,0,0,61,767,75,0,20,163,55,-4,152,0,0,0,0,-33,6,81,7,14,0,87,74,66
57937,0,0,0,61,767,75,0,20,163,55,-4,152,0,0,0,0,-30,9,71,7,17,-1,85,74,66
58038,0,0,0,61,767,75,0,20,163,55,-4,152,0,0,0,0,-22,9,61,9,18,-3,84,74,66
58139,0,0,0,61,767,75,0,20,163,55,-4,152,0,0,0,0,-11,8,50,11,17,-4,84,74,66
58239,0,0,0,61,767,75,0,20,163,55,-4,152,0,0,0,0,-3,6,40,12,13,-3,84,74,66
58340,0,0,0,61,767,75,0,20,163,55,-4,152,0,0,0,0,4,3,33,10,9,-3,85,74,66
58441,0,0,0,61,767,75,0,20,163,55,-4,152,0,0,0,0,5,4,34,7,3,-3,87,74,66
58542,0,0,0,61,767,75,0,20,163,55,-4,152,0,0,0,0,1,8,33,6,3,-4,92,74,66
58647,0,0,0,61,767,75,0,20,163,55,-4,152,0,0,0,0,3,11,34,5,6,-5,97,74,66
58750,0,0,0,61,767,75,0,20,163,55,-4,152,0,0,0,0,9,12,36,3,7,-5,102,74,66
58852,0,0,0,61,767,75,0,20,163,55,-4,152,0,0,0,0,14,13,39,1,7,-2,108,74,66
58953,0,0,0,61,767,75,0,20,163,55,-4,152,0,0,0,0,16,16,43,1,7,0,114,74,66
59054,0,0,0,61,767,75,0,20,163,55,-4,152,0,0,0,0,21,25,42,3,8,-2,161,74,66
59154,0,0,0,61,767,75,0,20,163,55,-4,152,0,0,0,0,32,55,50,5,9,-10,388,74,66
59255,0,0,0,61,767,75,0,20,163,55,-4,152,0,0,0,0,43,101,67,1,9,-12,6553,74,66
59356,0,0,0,61,767,75,0,20,163,55,-4,152,0,0,0,0,39,136,79,0,9,-7,10,74,66
59457,0,0,0,61,767,75,0,20,163,55,-4,152,0,0,0,0,34,150,83,0,8,-1,10,74,66
59559,0,0,0,61,767,75,0,20,163,55,-4,152,0,0,0,0,31,155,84,0,7,2,10,74,66
59659,0,0,0,61,767,75,0,20,163,55,-4,152,0,0,0,0,31,157,81,1,7,3,10,74,66
59760,0,0,0,61,767,75,0,20,163,55,-4,152,0,0,0,0,35,156,78,2,8,3,10,74,66
59861,0,0,0,61,767,75,0,20,163,55,-4,152,0,0,0,0,34,156,75,0,0,1,10,74,66
59961,0,0,0,61,767,75,0,20,163,55,-4,152,0,0,0,0,37,156,75,0,0,-2,10,74,65
60062,0,0,0,61,767,75,0,20,163,55,-4,152,0,0,0,0,37,159,76,0,0,-1,10,74,65
60163,0,0,0,61,767,75,0,20,163,55,-4,152,0,0,0,0,37,161,79,0,0,1,10,74,65
60264,0,0,0,61,767,75,0,20,163,55,-4,152,0,0,0,0,36,162,81,0,0,3,10,74,65
60364,0,0,0,61,767,75,0,20,163,55,-4,152,0,0,0,0,37,162,81,0,0,5,10,74,65
60465,0,0,0,61,767,75,0,20,163,55,-4,152,0,0,0,0,37,162,80,0,0,6,10,74,65
60566,0,0,0,61,767,75,0,20,163,55,-4,152,0,0,0,0,44,155,81,0,0,6,10,74,65
60666,0,0,0,61,767,75,0,20,163,55,-4,152,0,0,0,0,44,141,86,0,0,6,6553,74,65
60768,0,0,0,61,767,75,0,20,163,55,-4,152,0,0,0,0,48,108,79,0,0,9,557,74,65
60869,0,0,0,61,767,75,0,20,163,55,-4,152,0,0,0,0,52,64,59,0,0,11,228,74,65
60970,0,0,0,61,767,75,0,20,163,55,-4,152,0,0,0,0,47,31,42,0,0,10,154,74,65
61071,0,0,0,61,767,75,0,20,163,55,-4,152,0,0,0,0,39,20,41,0,0,10,122,74,65
61171,0,0,0,61,767,75,0,20,163,55,-4,152,0,0,0,0,27,10,43,0,0,8,106,74,65
61272,0,0,0,61,767,75,0,20,163,55,-4,152,0,0,0,0,17,5,42,0,0,4,101,74,65
61373,0,0,0,61,767,75,0,20,163,55,-4,152,0,0,0,0,12,2,39,0,0,1,101,74,65
61474,0,0,0,61,767,75,0,20,163,55,-4,152,0,0,0,0,12,1,39,0,0,3,99,74,65
61575,0,0,0,61,767,75,0,20,163,55,-4,152,0,0,0,0,11,0,34,0,0,6,93,74,65
61676,0,0,0,61,767,75,0,20,163,55,-4,152,0,0,0,0,10,1,27,0,0,9,85,74,65
61777,0,0,0,61,767,75,0,20,163,55,-4,152,0,0,0,0,10,3,19,7,7,11,75,74,65
61878,0,0,0,61,767,75,0,20,163,55,-4,152,0,0,0,0,8,4,10,6,4,12,65,74,65
61979,0,0,0,61,767,75,0,20,163,55,-4,152,0,0,0,0,5,5,-1,5,1,9,55,74,66
62080,0,0,0,61,767,75,0,20,163,55,-4,152,0,0,0,0,6,3,-3,4,1,9,45,74,66
62181,0,0,0,61,767,75,0,20,163,55,-4,152,0,0,0,0,4,2,0,2,1,9,35,74,66
62282,0,0,0,61,767,75,0,20,163,55,-4,152,0,0,0,0,4,0,0,1,0,8,10,74,66
62382,0,0,0,61,767,75,0,20,163,55,-4,152,0,0,0,0,2,0,-1,0,0,5,10,74,66
62483,0,0,0,61,767,75,0,20,163,55,-4,152,0,0,0,0,1,0,-2,0,0,2,10,74,66
62584,0,0,0,61,767,75,0,20,163,55,-4,152,0,0,0,0,2,-1,-1,0,0,0,10,74,66
62685,0,0,0,61,767,75,0,20,163,55,-4,152,0,0,0,0,1,-1,0,0,0,-1,10,74,66
62785,0,0,0,61,767,75,0,20,163,55,-4,152,0,0,0,0,1,-1,0,0,0,-1,10,74,66
62886,0,0,0,61,767,75,0,20,163,55,-4,152,0,0,0,0,2,1,-2,0,0,-2,10,74,65
62987,0,0,0,61,767,75,0,20,163,55,-4,152,0,0,0,0,2,1,-2,0,0,-2,10,74,65
63088,0,0,0,61,767,75,0,20,163,55,-4,152,0,0,0,0,3,2,-2,0,0,-2,10,74,65
63189,0,0,0,61,767,75,0,20,163,55,-4,152,0,0,0,0,4,2,-2,0,0,-2,10,74,65
63289,0,0,0,61,767,75,0,20,163,55,-4,152,0,0,0,0,4,2,-2,0,0,-2,10,74,65
63392,0,0,0,61,767,75,0,20,163,55,-4,152,0,0,0,0,4,2,-2,0,0,-1,10,74,65
63492,0,0,0,61,767,75,0,20,163,55,-4,152,0,0,0,0,4,2,-2,0,0,-1,10,74,65
63593,0,0,0,61,767,75,0,20,163,55,-4,152,0,0,0,0,4,2,-2,0,0,-1,10,74,65
63694,0,0,0,61,767,75,0,20,163,55,-4,152,0,0,0,0,4,2,-2,0,0,-1,10,74,65
63795,0,0,0,61,767,75,0,20,163,55,-4,152,0,0,0,0,4,2,-2,0,0,-1,10,74,65
63896,0,0,0,61,767,75,0,20,163,55,-4,152,0,0,0,0,4,2,-2,0,0,0,10,74,65
63997,0,0,0,61,767,75,0,20,163,55,-4,152,0,0,0,0,4,2,-2,0,0,0,10,74,66
64098,0,0,0,61,767,75,0,20,163,55,-4,152,0,0,0,0,4,2,-2,0,0,0,10,74,66
64199,0,0,0,61,767,75,0,20,163,55,-4,152,0,0,0,0,4,2,-2,0,0,0,10,74,66
64300,0,0,0,61,767,75,0,20,163,55,-4,152,0,0,0,0,4,2,-2,0,0,0,10,74,66
64401,0,0,0,61,767,75,0,20,163,55,-4,152,0,0,0,0,4,2,-2,0,0,0,10,74,66
64502,0,0,0,61,767,75,0,20,163,55,-4,152,0,0,0,0,4,2,-2,0,0,0,10,74,66
64603,0,0,0,61,767,75,0,20,163,55,-4,152,0,0,0,0,4,2,-2,0,0,0,10,74,66
64704,0,0,0,61,767,75,0,20,163,55,-4,152,0,0,0,0,4,2,-2,0,0,0,10,74,66
64805,0,0,0,61,767,75,0,20,163,55,-4,152,0,0,0,0,4,2,-2,0,0,0,10,74,66
64905,0,0,0,61,767,75,0,20,163,55,-4,152,0,0,0,0,4,2,-2,0,0,0,10,74,66
65006,0,0,0,61,767,75,0,20,163,55,-4,152,0,0,0,0,4,2,-2,0,0,0,10,74,66
65107,0,0,0,61,767,75,0,20,163,55,-4,152,0,0,0,0,4,2,-2,0,0,0,10,74,66
65208,0,0,0,61,767,75,0,20,163,55,-4,152,0,0,0,0,4,2,-2,0,0,0,10,74,66
65309,0,0,0,61,767,75,0,20,163,55,-4,152,0,0,0,0,4,2,-2,0,0,0,10,74,66
65409,0,0,0,61,767,75,0,20,163,55,-4,152,0,0,0,0,4,2,-2,0,0,0,10,74,66
65510,0,0,0,61,767,75,0,20,163,55,-4,152,0,0,0,0,4,2,-2,0,0,0,10,74,66
65611,0,0,0,61,767,75,0,20,163,55,-4,152,0,0,0,0,4,2,-2,0,0,0,10,74,66
65712,0,0,0,61,767,75,0,20,163,55,-4,152,0,0,0,0,4,2,-2,0,0,0,10,74,66
65813,0,0,0,61,767,75,0,20,163,55,-4,152,0,0,0,0,4,2,-2,0,0,0,10,74,66
65913,0,0,0,61,767,75,0,20,163,55,-4,152,0,0,0,0,4,2,-2,0,0,0,10,74,66
66014,0,0,0,61,767,75,0,20,163,55,-4,152,0,0,0,0,4,2,-2,0,0,0,10,74,66
66115,0,0,0,61,767,75,0,20,163,55,-4,152,0,0,0,0,4,2,-2,0,0,0,10,74,66
66215,0,0,0,61,767,75,0,20,163,55,-4,152,0,0,0,0,4,2,-2,0,0,0,10,74,66
66316,0,0,0,61,767,75,0,20,163,55,-4,152,0,0,0,0,4,2,-2,0,0,0,10,74,66
66417,0,0,0,61,767,75,0,20,163,55,-4,152,0,0,0,0,4,2,-2,0,0,0,10,74,66
66518,0,0,0,61,767,75,0,20,163,55,-4,152,0,0,0,0,4,2,-2,0,0,0,10,74,66
66618,0,0,0,61,767,75,0,20,163,55,-4,152,0,0,0,0,4,2,-2,0,0,0,10,74,66
66719,0,0,0,61,767,75,0,20,163,55,-4,152,0,0,0,0,4,2,-2,0,0,0,10,74,66
66819,0,0,0,61,767,75,0,20,163,55,-4,152,0,0,0,0,4,2,-2,0,0,0,10,74,66
66920,0,0,0,61,767,75,0,20,163,55,-4,152,0,0,0,0,4,2,-2,0,0,0,10,74,66
67021,0,0,0,61,767,75,0,20,163,55,-4,152,0,0,0,0,4,2,-2,0,0,0,10,74,66
67121,0,0,0,61,767,75,0,20,163,55,-4,152,0,0,0,0,4,2,-2,0,0,0,10,74,66
67222,0,0,0,61,767,75,0,20,163,55,-4,152,0,0,0,0,4,2,-2,0,0,0,10,74,66
67322,0,0,0,61,767,75,0,20,163,55,-4,152,0,0,0,0,4,2,-2,0,0,0,10,74,66
67423,0,0,0,61,767,75,0,20,163,55,-4,152,0,0,0,0,4,2,-2,0,0,0,10,74,66
67524,0,0,0,61,767,75,0,20,163,55,-4,152,0,0,0,0,4,2,-2,0,0,0,10,74,66
67624,0,0,0,61,767,75,0,20,163,55,-4,152,0,0,0,0,4,2,-2,0,0,0,10,74,66
67725,0,0,0,61,767,75,0,20,163,55,-4,152,0,0,0,0,4,2,-2,0,0,0,10,74,66
67826,0,0,0,61,767,75,0,20,163,55,-4,152,0,0,0,0,4,2,-2,0,0,0,10,74,66
67926,0,0,0,61,767,75,0,20,163,55,-4,152,0,0,0,0,4,2,-2,0,0,0,10,74,66
68027,0,0,0,61,767,75,0,20,163,55,-4,152,0,0,0,0,4,2,-3,0,0,0,10,74,65
68128,0,0,0,61,767,75,0,20,163,55,-4,152,0,0,0,0,4,2,-3,0,0,0,10,74,65
68229,0,0,0,61,767,75,0,20,163,55,-4,152,0,0,0,0,4,2,-3,0,0,0,10,74,65
68330,0,0,0,61,767,75,0,20,163,55,-4,152,0,0,0,0,4,2,-3,0,0,0,10,74,65
68431,0,0,0,61,767,75,0,20,163,55,-4,152,0,0,0,0,4,2,-3,0,0,0,10,74,65
68531,0,0,0,61,767,75,0,20,163,55,-4,152,0,0,0,0,4,2,-3,0,0,0,10,74,65
68632,0,0,0,61,767,75,0,20,163,55,-4,152,0,0,0,0,4,2,-3,0,0,0,10,74,65
68733,0,0,0,61,767,75,0,20,163,55,-4,152,0,0,0,0,4,2,-3,0,0,0,10,74,65
68834,0,0,0,61,767,75,0,20,163,55,-4,152,0,0,0,0,4,2,-3,0,0,0,10,74,65
68934,0,0,0,61,767,75,0,20,163,55,-4,152,0,0,0,0,4,2,-3,0,0,0,10,74,65
69035,0,0,0,61,767,75,0,20,163,55,-4,152,0,0,0,0,4,2,-3,0,0,0,10,74,66
69135,0,0,0,61,767,75,0,20,163,55,-4,152,0,0,0,0,4,2,-3,0,0,0,10,74,66
69236,0,0,0,61,767,75,0,20,163,55,-4,152,0,0,0,0,4,2,-3,0,0,0,10,74,66
69337,0,0,0,61,767,75,0,20,163,55,-4,152,0,0,0,0,4,2,-3,0,0,0,10,74,66
69438,0,0,0,61,767,75,0,20,163,55,-4,152,0,0,0,0,4,2,-3,0,0,0,10,74,66
69539,0,0,0,61,767,75,0,20,163,55,-4,152,0,0,0,0,4,2,-3,0,0,0,10,74,66
69641,0,0,0,61,767,75,0,20,163,55,-4,152,0,0,0,0,4,2,-3,0,0,0,10,74,66
69742,0,0,0,61,767,75,0,20,163,55,-4,152,0,0,0,0,4,2,-3,0,0,0,10,74,66
69843,0,0,0,61,767,75,0,20,163,55,-4,152,0,0,0,0,4,2,-3,0,0,0,10,74,66
69944,0,0,0,61,767,75,0,20,163,55,-4,152,0,0,0,0,4,2,-3,0,0,0,10,74,66
70044,0,0,0,61,767,75,0,20,163,55,-4,152,0,0,0,0,4,2,-3,0,0,0,10,74,66
70145,0,0,0,61,767,75,0,20,163,55,-4,152,0,0,0,0,4,2,-3,0,0,0,10,74,66
70246,0,0,0,61,767,75,0,20,163,55,-4,152,0,0,0,0,4,2,-3,0,0,0,10,74,66
70347,0,0,0,61,767,75,0,20,163,55,-4,152,0,0,0,0,4,2,-3,0,0,0,10,74,66
70447,0,0,0,61,767,75,0,20,163,55,-4,152,0,0,0,0,4,2,-3,0,0,0,10,74,66
70548,0,0,0,61,767,75,0,20,163,55,-4,152,0,0,0,0,4,2,-3,0,0,0,10,74,66
70649,0,0,0,61,767,75,0,20,163,55,-4,152,0,0,0,0,4,2,-3,0,0,0,10,74,66
70750,0,0,0,61,767,75,0,20,163,55,-4,152,0,0,0,0,4,2,-3,0,0,0,10,74,66
70851,0,0,0,61,767,75,0,20,163,55,-4,152,0,0,0,0,4,2,-3,0,0,0,10,74,66
70952,0,0,0,61,767,75,0,20,163,55,-4,152,0,0,0,0,4,2,-3,0,0,0,10,74,66
71052,0,0,0,61,767,75,0,20,163,55,-4,152,0,0,0,0,4,2,-3,0,0,0,10,74,67
71154,0,0,0,61,767,75,0,20,163,55,-4,152,0,0,0,0,4,2,-3,0,0,0,10,74,67
71255,0,0,0,61,767,75,0,20,163,55,-4,152,0,0,0,0,4,2,-3,0,0,0,10,74,67
71355,0,0,0,61,767,75,0,20,163,55,-4,152,0,0,0,0,4,2,-3,0,0,0,10,74,67
71456,0,0,0,61,767,75,0,20,163,55,-4,152,0,0,0,0,4,2,-3,0,0,0,10,74,67
71557,0,0,0,61,767,75,0,20,163,55,-4,152,0,0,0,0,4,2,-3,0,0,0,10,74,67
71657,0,0,0,61,767,75,0,20,163,55,-4,152,0,0,0,0,4,2,-3,0,0,0,10,74,67
71758,0,0,0,61,767,75,0,20,163,55,-4,152,0,0,0,0,4,2,-3,0,0,0,10,74,67
71860,0,0,0,61,767,75,0,20,163,55,-4,152,0,0,0,0,4,2,-3,0,0,0,10,74,67
71961,0,0,0,61,767,75,0,20,163,55,-4,152,0,0,0,0,4,2,-3,0,0,0,10,74,67
72061,0,0,0,61,767,75,0,20,163,55,-4,152,0,0,0,0,4,2,-3,0,0,0,10,74,67
72162,0,0,0,61,767,75,0,20,163,55,-4,152,0,0,0,0,4,2,-3,0,0,0,10,74,67
72263,0,0,0,61,767,75,0,20,163,55,-4,152,0,0,0,0,4,2,-3,0,0,0,10,74,67
72364,0,0,0,61,767,75,0,20,163,55,-4,152,0,0,0,0,4,2,-3,0,0,0,10,74,67
72465,0,0,0,61,767,75,0,20,163,55,-4,152,0,0,0,0,4,2,-3,0,0,0,10,74,67
72565,0,0,0,61,767,75,0,20,163,55,-4,152,0,0,0,0,4,2,-3,0,0,0,10,74,67
72673,0,0,0,61,767,75,0,20,163,55,-4,152,0,0,0,0,4,2,-3,0,0,0,10,74,67
72774,0,0,0,61,767,75,0,20,163,55,-4,152,0,0,0,0,4,2,-3,0,0,0,10,74,67
72874,0,0,0,61,767,75,0,20,163,55,-4,152,0,0,0,0,4,2,-3,0,0,0,10,74,67
72975,0,0,0,61,767,75,0,20,163,55,-4,152,0,0,0,0,4,2,-3,0,0,0,10,74,67
73076,0,0,0,61,767,75,0,20,163,55,-4,152,0,0,0,0,4,2,-3,0,0,0,10,74,66
73177,0,0,0,61,767,75,0,20,163,55,-4,152,0,0,0,0,4,2,-3,0,0,0,10,74,66
73278,0,0,0,61,767,75,0,20,163,55,-4,152,0,0,0,0,4,2,-3,0,0,0,10,74,66
73379,0,0,0,61,767,75,0,20,163,55,-4,152,0,0,0,0,4,2,-3,0,0,0,10,74,66
73479,0,0,0,61,767,75,0,20,163,55,-4,152,0,0,0,0,4,2,-3,0,0,0,10,74,66
73580,0,0,0,61,767,75,0,20,163,55,-4,152,0,0,0,0,4,2,-3,0,0,0,10,74,66
73681,0,0,0,61,767,75,0,20,163,55,-4,152,0,0,0,0,4,2,-3,0,0,0,10,74,66
73782,0,0,0,61,767,75,0,20,163,55,-4,152,0,0,0,0,4,2,-3,0,0,0,10,74,66
73883,0,0,0,61,767,75,0,20,163,55,-4,152,0,0,0,0,4,2,-3,0,0,0,10,74,66
73983,0,0,0,61,767,75,0,20,163,55,-4,152,0,0,0,0,4,2,-3,0,0,0,10,74,66
74084,0,0,0,61,767,75,0,20,163,55,-4,152,0,0,0,0,4,2,-3,0,0,0,10,74,66
74185,0,0,0,61,767,75,0,20,163,55,-4,152,0,0,0,0,4,2,-3,0,0,0,10,74,66
74286,0,0,0,61,767,75,0,20,163,55,-4,152,0,0,0,0,4,2,-3,0,0,0,10,74,66
74389,0,0,0,61,767,75,0,20,163,55,-4,152,0,0,0,0,4,2,-3,0,0,0,10,74,66
74490,0,0,0,61,767,75,0,20,163,55,-4,152,0,0,0,0,4,2,-3,0,0,0,10,74,66
74591,0,0,0,61,767,75,0,20,163,55,-4,152,0,0,0,0,4,2,-3,0,0,0,10,74,66
74692,0,0,0,61,767,75,0,20,163,55,-4,152,0,0,0,0,4,2,-3,0,0,0,10,74,66
74792,0,0,0,61,767,75,0,20,163,55,-4,152,0,0,0,0,4,2,-3,0,0,0,10,74,66
74893,0,0,0,61,767,75,0,20,163,55,-4,152,0,0,0,0,4,2,-3,0,0,0,10,74,66
74994,0,0,0,61,767,75,0,20,163,55,-4,152,0,0,0,0,4,2,-3,0,0,0,10,74,66
75095,0,0,0,61,767,75,0,20,163,55,-4,152,0,0,0,0,4,2,-3,0,0,0,10,74,66
75195,0,0,0,61,767,75,0,20,163,55,-4,152,0,0,0,0,4,2,-3,0,0,0,10,74,66
75296,0,0,0,61,767,75,0,20,163,55,-4,152,0,0,0,0,4,2,-3,0,0,0,10,74,66
75397,0,0,0,61,767,75,0,20,163,55,-4,152,0,0,0,0,4,2,-3,0,0,0,10,74,66
75498,0,0,0,61,767,75,0,20,163,55,-4,152,0,0,0,0,4,2,-3,0,0,0,10,74,66
75598,0,0,0,61,767,75,0,20,163,55,-4,152,0,0,0,0,4,2,-3,0,0,0,10,74,66
75699,0,0,0,61,767,75,0,20,163,55,-4,152,0,0,0,0,4,2,-3,0,0,0,10,74,66
75800,0,0,0,61,767,75,0,20,163,55,-4,152,0,0,0,0,4,2,-3,0,0,0,10,74,66
75901,0,0,0,61,767,75,0,20,163,55,-4,152,0,0,0,0,4,2,-3,0,0,0,10,74,66
76001,0,0,0,61,767,75,0,20,163,55,-4,152,0,0,0,0,4,2,-3,0,0,0,10,74,67
76102,0,0,0,61,767,75,0,20,163,55,-4,152,0,0,0,0,4,2,-3,0,0,0,10,74,67
76203,0,0,0,61,767,75,0,20,163,55,-4,152,0,0,0,0,4,2,-3,0,0,0,10,74,67
76303,0,0,0,61,767,75,0,20,163,55,-4,152,0,0,0,0,4,2,-3,0,0,0,10,74,67
76405,0,0,0,61,767,75,0,20,163,55,-4,152,0,0,0,0,4,2,-3,0,0,0,10,74,67
76513,0,0,0,61,767,75,0,20,163,55,-4,152,0,0,0,0,4,2,-3,0,0,0,10,74,67
76614,0,0,0,61,767,75,0,20,163,55,-4,152,0,0,0,0,4,2,-3,0,0,0,10,74,67
76714,0,0,0,61,767,75,0,20,163,55,-4,152,0,0,0,0,4,2,-3,0,0,0,10,74,67
76815,0,0,0,61,767,75,0,20,163,55,-4,152,0,0,0,0,4,2,-3,0,0,0,10,74,67
76916,0,0,0,61,767,75,0,20,163,55,-4,152,0,0,0,0,4,2,-3,0,0,0,10,74,67
77016,0,0,0,61,767,75,0,20,163,55,-4,152,0,0,0,0,4,2,-3,0,0,0,10,74,67
77117,0,0,0,61,767,75,0,20,163,55,-4,152,0,0,0,0,4,2,-3,0,0,0,10,74,67
77218,0,0,0,61,767,75,0,20,163,55,-4,152,0,0,0,0,4,2,-3,0,0,0,10,74,67
77319,0,0,0,61,767,75,0,20,163,55,-4,152,0,0,0,0,4,2,-3,0,0,0,10,74,67
77420,0,0,0,61,767,75,0,20,163,55,-4,152,0,0,0,0,4,2,-3,0,0,0,10,74,67
77524,0,0,0,61,767,75,0,20,163,55,-4,152,0,0,0,0,4,2,-3,0,0,0,10,74,67
77624,0,0,0,61,767,75,0,20,163,55,-4,152,0,0,0,0,4,2,-3,0,0,0,10,74,67
77725,0,0,0,61,767,75,0,20,163,55,-4,152,0,0,0,0,4,2,-3,0,0,0,10,74,67
77826,0,0,0,61,767,75,0,20,163,55,-4,152,0,0,0,0,4,2,-3,0,0,0,10,74,67
77927,0,0,0,61,767,75,0,20,163,55,-4,152,0,0,0,0,4,2,-3,0,0,0,10,74,67
78027,0,0,0,61,767,75,0,20,163,55,-4,152,0,0,0,0,4,2,-3,0,0,0,10,74,67
78128,0,0,0,61,767,75,0,20,163,55,-4,152,0,0,0,0,4,2,-3,0,0,0,10,74,67
78229,0,0,0,61,767,75,0,20,163,55,-4,152,0,0,0,0,4,2,-3,0,0,0,10,74,67
78330,0,0,0,61,767,75,0,20,163,55,-4,152,0,0,0,0,4,2,-3,0,0,0,10,74,67
78432,0,0,0,61,767,75,0,20,163,55,-4,152,0,0,0,0,4,2,-3,0,0,0,10,74,67
78533,0,0,0,61,767,75,0,20,163,55,-4,152,0,0,0,0,4,2,-3,0,0,0,10,74,67
78645,0,0,0,61,767,75,0,20,163,55,-4,152,0,0,0,0,4,2,-3,0,0,0,10,74,67
78746,0,0,0,61,767,75,0,20,163,55,-4,152,0,0,0,0,4,2,-3,0,0,0,10,74,67
78847,0,0,0,61,767,75,0,20,163,55,-4,152,0,0,0,0,4,2,-3,0,0,0,10,74,67
78947,0,0,0,61,767,75,0,20,163,55,-4,152,0,0,0,0,4,2,-3,0,0,0,10,74,67
79048,0,0,0,61,767,75,0,20,163,55,-4,152,0,0,0,0,4,2,-3,0,0,0,10,74,67
79149,0,0,0,61,767,75,0,20,163,55,-4,152,0,0,0,0,4,2,-3,0,0,0,10,74,67
79250,0,0,0,61,767,75,0,20,163,55,-4,152,0,0,0,0,4,2,-3,0,0,0,10,74,67
79351,0,0,0,61,767,75,0,20,163,55,-4,152,0,0,0,0,4,2,-3,0,0,0,10,74,67
79452,0,0,0,61,767,75,0,20,163,55,-4,152,0,0,0,0,4,2,-3,0,0,0,10,74,67
79554,0,0,0,61,767,75,0,20,163,55,-4,152,0,0,0,0,4,2,-3,0,0,0,10,74,67
79654,0,0,0,61,767,75,0,20,163,55,-4,152,0,0,0,0,4,2,-3,0,0,0,10,74,67
79755,0,0,0,61,767,75,0,20,163,55,-4,152,0,0,0,0,4,2,-3,0,0,0,10,74,67
79856,0,0,0,61,767,75,0,20,163,55,-4,152,0,0,0,0,4,2,-3,0,0,0,10,74,67
79956,0,0,0,61,767,75,0,20,163,55,-4,152,0,0,0,0,4,2,-3,0,0,0,10,74,67
80057,0,0,0,61,767,75,0,20,163,55,-4,152,0,0,0,0,4,2,-3,0,0,0,10,74,67
80161,0,0,0,61,767,75,0,20,163,55,-4,152,0,0,0,0,4,2,-3,0,0,0,10,74,67
80262,0,0,0,61,767,75,0,20,163,55,-4,152,0,0,0,0,4,2,-3,0,0,0,10,74,67
80363,0,0,0,61,767,75,0,20,163,55,-4,152,0,0,0,0,4,2,-3,0,0,0,10,74,67
80463,0,0,0,61,767,75,0,20,163,55,-4,152,0,0,0,0,4,2,-3,0,0,0,10,74,67
80565,0,0,0,61,767,75,0,20,163,55,-4,152,0,0,0,0,4,2,-3,0,0,0,10,74,67
80666,0,0,0,61,767,75,0,20,163,55,-4,152,0,0,0,0,4,2,-3,0,0,0,10,74,67
80767,0,0,0,61,767,75,0,20,163,55,-4,152,0,0,0,0,4,2,-3,0,0,0,10,74,67
80867,0,0,0,61,767,75,0,20,163,55,-4,152,0,0,0,0,4,2,-3,0,0,0,10,74,67
80968,0,0,0,61,767,75,0,20,163,55,-4,152,0,0,0,0,4,2,-3,0,0,0,10,74,67
81069,0,0,0,61,767,75,0,20,163,55,-4,152,0,0,0,0,4,2,-3,0,0,0,10,74,67
81171,0,0,0,61,767,75,0,20,163,55,-4,152,0,0,0,0,4,2,-3,0,0,0,10,74,67
81272,0,0,0,61,767,75,0,20,163,55,-4,152,0,0,0,0,4,1,-3,0,0,0,10,74,67
81374,0,0,0,61,767,75,0,20,163,55,-4,152,0,0,0,0,3,1,-3,0,0,0,10,74,67
81475,0,0,0,61,767,75,0,20,163,55,-4,152,0,0,0,0,3,1,-3,0,0,0,10,74,67
81576,0,0,0,61,767,75,0,20,163,55,-4,152,0,0,0,0,1,0,-3,0,0,-1,10,74,67
81677,0,0,0,61,767,75,0,20,163,55,-4,152,0,0,0,0,3,0,-3,0,0,-2,10,74,67
81778,0,0,0,61,767,75,0,20,163,55,-4,152,0,0,0,0,-3,0,-3,0,0,-5,23,73,67
81879,0,0,0,61,767,75,0,20,163,55,-4,152,0,0,0,0,-1,2,-4,0,-1,-7,26,73,67
81979,0,0,0,61,767,75,0,20,163,55,-4,152,0,0,0,0,-1,4,-3,0,-2,-8,25,73,67
82080,0,0,0,61,767,75,0,20,163,55,-4,152,0,0,0,0,0,6,-3,0,-2,-8,26,73,67
82181,0,0,0,61,767,75,0,20,163,55,-4,152,0,0,0,0,-2,6,-3,0,-1,-7,32,73,67
82282,0,0,0,61,767,75,0,20,163,55,-4,152,0,0,0,0,-2,7,-3,0,-1,-6,39,73,67
82383,0,0,0,61,767,75,0,20,163,55,-4,152,0,0,0,0,-1,6,-3,0,-1,-5,44,73,67
82484,0,0,0,61,767,75,0,20,163,55,-4,152,0,0,0,0,-1,6,-3,0,-1,-4,48,73,67
82585,0,0,0,61,767,75,0,20,163,55,-4,152,0,0,0,0,-2,6,-3,0,0,-3,51,73,67
82686,0,0,1,69,786,39,36,21,218,78,-21,200,0,0,0,0,-2,6,-3,0,0,-2,53,73,67
82787,0,0,1,75,784,33,32,21,243,87,-30,224,0,0,0,0,-1,6,-3,0,0,-2,55,73,67
82888,0,0,1,75,780,36,32,21,242,85,-33,223,0,0,0,0,0,5,-3,0,0,-2,56,73,67
82988,0,0,1,79,793,32,32,22,242,89,-34,221,0,0,0,0,0,5,-3,0,0,-1,57,73,67
83093,0,0,1,79,793,32,32,22,242,89,-34,221,0,0,0,0,0,5,-3,0,0,-2,59,73,69
83194,0,0,1,77,799,33,33,22,238,89,-33,217,0,0,0,35,0,5,-3,0,0,-1,60,73,69
83295,0,0,1,79,799,33,32,22,241,90,-34,220,0,0,0,0,0,5,-3,0,0,-1,60,73,69
83396,0,0,1,79,799,33,32,22,241,90,-34,220,0,0,0,0,-1,4,-3,0,0,-1,62,73,69
83497,0,0,1,78,802,38,33,23,232,88,-27,212,0,0,0,0,-1,4,-3,0,0,-1,64,73,69
83598,0,0,1,79,807,38,33,23,234,89,-31,213,0,0,0,0,0,5,-3,0,0,-1,65,73,69
83699,0,0,1,77,800,36,35,22,221,83,-30,202,0,0,0,0,0,3,-3,0,0,-1,66,73,69
83801,0,0,1,78,796,34,33,22,235,87,-28,215,0,0,0,0,-1,3,-3,0,0,-1,68,73,69
83902,0,0,1,78,796,34,33,22,235,87,-28,215,0,0,0,0,-2,2,-3,0,1,-1,69,73,69
84002,0,0,1,78,796,34,33,22,235,87,-28,215,0,0,0,0,-2,1,-3,0,1,-1,71,73,69
84103,0,0,1,79,796,49,33,22,234,87,-21,214,0,0,0,0,-2,1,-4,0,0,-1,72,73,67
84204,0,0,1,77,798,43,34,22,227,85,-21,207,0,0,0,0,-2,1,-3,0,0,-2,73,73,67
84305,0,0,1,77,798,43,34,22,227,85,-21,207,0,0,0,0,-1,2,-3,0,0,-2,75,73,67
84405,0,0,1,75,796,46,37,22,210,78,-26,192,0,0,0,0,0,2,-3,0,0,-2,77,73,67
84508,0,0,1,76,793,43,37,22,207,76,-27,190,0,0,0,0,0,3,-3,0,0,-1,78,73,67
84609,0,0,1,75,788,45,39,22,198,72,-25,182,0,0,0,0,0,4,-3,0,0,-1,80,73,67
84709,0,0,1,70,790,46,40,22,195,71,-24,179,0,0,0,0,0,4,-3,0,0,-1,82,73,67
84811,0,0,1,72,794,43,41,22,189,70,-24,173,0,0,0,0,0,4,-3,0,0,-1,84,73,67
84912,0,0,1,70,791,49,40,22,194,71,-20,178,0,0,0,0,-1,2,-3,0,0,-1,86,73,67
85013,0,0,1,71,788,41,40,22,191,69,-22,175,0,0,0,0,-1,2,-3,0,0,-1,88,73,67
85114,0,0,1,72,793,45,40,22,191,70,-21,175,0,0,0,0,-1,2,-3,0,0,-1,90,73,67
85216,0,0,1,72,793,45,40,22,191,70,-21,175,0,0,0,0,-1,2,-3,0,0,-1,93,73,67
85317,0,0,1,70,787,42,41,21,185,67,-17,170,0,0,0,0,-2,2,-3,0,0,-1,95,73,67
85418,0,0,1,72,787,44,41,21,188,68,-14,173,0,0,0,0,-3,2,-3,0,0,-2,97,73,67
85518,0,0,1,72,787,44,41,21,188,68,-14,173,0,0,0,0,-3,2,-3,0,0,-2,97,73,67
85619,0,0,1,72,787,44,41,21,188,68,-14,173,0,0,0,0,-2,3,-3,0,0,-2,105,73,67
85723,0,0,1,70,785,44,41,21,185,66,-17,171,0,0,0,0,-1,3,-3,0,0,-2,108,73,67
85824,0,0,1,67,785,41,41,21,188,67,-21,173,0,0,0,0,-1,3,-3,0,0,-2,111,73,67
85925,0,0,1,67,785,41,41,21,188,67,-21,173,0,0,0,0,-1,3,-3,0,0,-2,111,73,67
86026,0,0,1,64,784,42,40,21,194,69,-25,179,0,0,0,0,0,3,-3,0,0,-2,113,73,67
86127,0,0,1,64,784,42,40,21,194,69,-25,179,0,0,0,0,0,3,-3,0,0,-2,115,73,68
86228,0,0,1,67,782,37,42,21,184,65,-25,169,0,0,0,0,0,3,-3,0,0,-2,116,73,68
86328,0,0,1,67,784,34,41,21,189,68,-26,174,0,0,0,0,0,3,-3,0,0,-2,119,73,68
86429,0,0,1,68,782,44,43,21,178,63,-23,164,0,0,0,0,0,3,-3,0,0,-2,124,73,68
86530,0,0,1,69,784,40,44,21,175,62,-23,161,0,0,0,0,0,3,-3,0,0,-2,124,73,68
86631,0,0,1,72,776,42,43,21,178,62,-23,164,0,0,0,0,0,3,-3,0,0,-2,127,73,68
86732,0,0,1,73,776,43,43,21,177,62,-23,164,0,0,0,0,0,2,-3,0,0,-2,129,73,68
86832,0,0,1,74,776,40,43,21,180,63,-20,166,0,0,0,0,-1,2,-3,0,0,-2,133,73,68
86933,0,0,1,74,770,40,42,20,184,63,-24,170,0,0,0,0,0,3,-3,0,0,-2,135,73,68
87034,0,0,1,74,774,47,40,21,194,67,-24,180,0,0,0,0,0,4,-3,0,0,-2,137,73,68
87135,0,0,1,74,778,41,39,21,197,69,-29,182,0,0,0,0,1,4,-3,0,0,-1,139,73,68
87236,0,0,1,74,773,37,39,21,201,69,-27,186,0,0,0,0,0,5,-3,0,0,-2,141,73,68
87336,0,0,1,74,771,43,37,20,211,72,-27,196,0,0,0,0,0,5,-3,0,0,-2,144,73,68
87437,0,0,1,74,771,43,37,20,211,72,-27,196,0,0,0,0,0,4,-3,0,0,-2,147,73,68
87538,0,0,1,75,773,43,38,21,203,70,-26,188,0,0,0,0,0,4,-3,0,0,-2,151,73,68
87639,0,0,1,75,773,43,38,21,203,70,-26,188,0,0,0,0,0,4,-3,0,0,-2,151,73,68
87740,0,0,1,74,779,62,38,21,202,71,-22,187,0,0,0,0,0,2,-3,0,0,-1,156,73,68
87841,0,0,1,74,779,62,38,21,202,71,-22,187,0,0,0,0,0,2,-3,0,0,0,158,73,68
87942,0,0,1,73,778,77,39,21,199,70,-18,184,0,0,0,0,0,2,-3,0,0,0,158,73,68
88045,0,0,1,73,778,77,39,21,199,70,-18,184,0,0,0,0,0,3,-3,-1,0,0,159,73,68
88145,0,0,1,73,778,77,39,21,199,70,-18,184,0,0,0,0,0,3,-3,-1,0,0,159,73,68
88246,0,0,1,72,781,113,38,21,202,72,-8,188,0,0,0,0,-1,2,-3,-1,0,0,160,73,68
88347,0,0,1,72,784,119,38,21,201,72,-6,187,0,0,0,0,-1,1,-3,-1,0,0,162,73,68
88448,0,0,1,72,784,119,38,21,201,72,-6,187,0,0,0,0,-1,3,-3,-1,0,0,164,73,68
88550,0,0,1,69,784,136,39,21,199,72,0,184,0,0,0,0,-2,3,-3,-1,0,0,164,73,68
88651,0,0,1,67,778,137,37,21,205,72,4,191,0,0,0,0,-3,2,-3,-1,0,0,166,73,68
88751,0,0,1,66,771,137,37,20,206,71,4,192,0,0,0,0,-3,3,-3,-1,0,0,165,73,68
88852,0,0,1,62,771,143,38,20,202,70,5,189,0,0,0,0,-3,3,-3,-1,0,0,165,73,68
88952,0,0,1,61,773,153,38,21,202,70,3,188,0,0,0,0,-2,3,-3,-1,0,0,164,73,68
89053,0,0,1,61,770,142,38,20,202,69,1,189,0,0,0,0,-2,3,-3,-1,0,0,164,73,68
89154,0,0,1,63,760,148,39,20,199,66,6,187,0,0,0,0,-3,3,-3,-1,0,0,165,73,68
89259,0,0,0,63,760,148,0,20,199,66,6,187,0,0,0,0,-2,3,-3,0,0,0,165,73,68
89359,0,0,0,63,760,148,0,20,199,66,6,187,0,0,0,0,-2,3,-3,0,0,0,164,73,68
89460,0,0,1,61,770,153,38,20,203,70,0,190,0,0,0,0,-1,4,-3,0,0,0,164,73,68
89561,0,0,0,61,770,153,0,20,203,70,0,190,0,0,0,0,-2,3,-3,-1,0,0,165,73,68
89662,0,0,0,61,770,153,0,20,203,70,0,190,0,0,0,0,-2,3,-3,-1,0,0,165,73,68
89763,0,0,1,64,753,179,38,19,201,65,12,189,0,0,0,0,-3,3,-3,-1,0,0,165,73,68
89863,0,0,1,77,709,171,45,16,171,47,6,163,0,0,0,0,-2,3,-3,0,0,0,163,73,68
89964,0,0,1,78,671,184,52,13,148,34,7,143,0,0,0,0,-2,3,-3,0,0,0,164,73,68
90065,0,0,1,79,653,163,49,12,157,32,4,153,0,0,0,0,-2,3,-3,-1,0,0,166,73,68
90167,0,0,1,79,653,163,49,12,157,32,4,153,0,0,0,0,-2,3,-3,-1,0,0,166,73,68
90268,0,0,1,79,617,178,41,10,188,31,11,184,0,0,0,0,-3,3,-3,0,0,0,162,73,68
90368,0,0,1,79,617,178,41,10,188,31,11,184,0,0,0,0,-3,3,-3,0,0,0,162,73,68
90469,0,0,1,72,587,180,32,7,244,31,2,241,0,0,0,0,0,4,-3,0,0,0,161,73,68
90569,0,0,1,72,587,180,32,7,244,31,2,241,0,0,0,0,-1,4,-3,0,0,0,160,73,68
90670,0,0,1,66,562,152,32,6,244,24,0,242,0,0,0,0,-1,4,-3,0,0,0,160,73,68
90771,0,0,1,64,561,140,32,6,244,24,-2,242,0,0,0,0,-1,4,-3,0,0,0,160,73,68
90872,0,0,1,67,561,131,31,6,251,24,-1,250,0,0,0,0,-2,4,-3,0,0,0,160,73,68
90973,0,0,1,68,556,123,31,5,247,22,-7,246,0,0,0,0,-1,4,-3,0,0,0,160,73,68
91074,0,0,1,73,553,116,31,5,247,21,-9,246,0,0,0,0,-1,4,-3,0,0,0,158,73,68
91174,0,0,1,71,555,120,32,5,244,22,-8,242,0,0,0,0,-1,4,-3,0,0,0,160,73,68
91275,0,0,1,71,550,131,31,5,247,21,-5,246,0,0,0,0,-1,4,-3,0,0,0,159,73,68
91379,0,0,1,70,553,115,32,5,243,21,-9,241,0,0,0,0,-1,3,-3,0,0,0,158,73,68
91480,0,0,1,72,553,111,31,5,247,21,-10,246,0,0,0,0,-1,4,-3,0,0,0,160,73,68
91581,0,0,1,72,553,111,31,5,247,21,-10,246,0,0,0,0,-1,4,-3,0,0,0,160,73,68
91682,0,0,1,71,555,113,32,5,244,22,-14,242,0,0,0,0,0,4,-3,0,0,0,158,73,68
91783,0,0,1,70,555,108,32,5,244,22,-15,242,0,0,0,0,0,4,-3,0,0,0,160,73,68
91885,3,0,1,70,555,108,32,5,244,22,-15,242,0,0,0,0,-1,4,-3,0,0,0,159,73,68
91988,3,0,1,71,552,126,31,5,247,21,-6,246,10,-18,-40,0,-1,4,-3,0,0,0,159,73,68
92091,3,0,1,71,552,126,31,5,247,21,-6,246,10,-18,-40,0,0,4,-3,-1,0,0,159,73,68
92193,3,0,1,72,549,130,31,5,246,20,-1,245,10,-20,-40,0,-2,3,-3,-1,0,0,160,73,68
92295,3,0,1,72,549,131,32,5,240,20,3,238,10,-24,-40,0,-3,4,-3,-1,0,0,161,73,68
92397,3,0,1,72,549,131,32,5,240,20,3,238,10,-24,-40,0,-4,3,-3,-1,0,0,161,73,68
92498,3,0,1,72,550,123,31,5,245,20,1,243,11,-21,-40,0,-3,0,-2,-1,0,0,161,73,68
92599,3,0,1,72,550,123,31,5,245,20,1,243,11,-21,-40,0,-2,-1,-1,-1,0,0,161,73,68
92700,3,0,1,75,549,111,31,5,245,20,-6,243,11,-22,-40,0,-2,-1,-1,-2,-1,0,161,73,68
92801,3,0,1,75,549,111,31,5,245,20,-6,243,11,-22,-40,0,-1,-1,-1,-1,-3,0,161,73,68
92902,3,0,1,75,543,118,31,4,249,19,-8,248,10,-21,-40,0,-1,0,-1,-2,-4,0,163,73,68
93003,3,0,1,78,541,146,31,4,245,18,-5,244,10,-23,-40,0,0,0,0,-2,-4,0,162,73,68
93105,3,0,1,78,541,146,31,4,245,18,-5,244,10,-23,-40,0,0,0,0,-2,-4,0,162,73,68
93206,3,0,1,78,541,136,31,4,245,18,-4,244,11,-23,-40,0,-1,0,0,-2,-5,0,162,73,68
93308,3,0,1,76,544,123,31,4,249,19,-11,247,12,-23,-40,0,0,0,0,-2,-5,0,162,73,68
93409,3,0,1,76,544,123,31,4,249,19,-11,247,12,-23,-40,0,-1,0,0,-2,-6,0,162,73,68
93510,3,0,1,71,555,134,33,5,230,21,-4,229,13,-30,-40,0,-1,1,1,-2,-6,0,163,73,68
93611,3,0,1,64,561,135,33,6,234,23,-4,232,14,-27,-40,0,-1,1,2,-3,-6,0,163,73,68
93712,3,0,0,64,561,135,0,6,234,23,-4,232,0,0,0,0,-1,0,2,-3,-6,0,162,73,68
93813,3,0,1,62,598,111,33,8,234,33,-5,230,15,-22,-40,0,-2,0,3,-3,-6,0,164,73,68
93914,3,0,1,71,596,129,31,8,245,34,-1,242,14,-17,-40,0,-2,0,3,-3,-6,0,162,73,68
94015,3,0,1,71,596,129,31,8,245,34,-1,242,14,-17,-40,0,-3,2,3,-3,-7,0,162,73,68
94116,3,0,1,74,610,133,32,9,243,38,7,239,17,-20,-40,0,-4,3,2,-3,-7,0,162,73,68
94217,3,0,1,75,622,127,32,10,239,41,2,234,18,-24,-40,0,-3,3,3,-2,-6,0,159,73,68
94318,3,0,1,75,622,127,32,10,239,41,2,234,18,-24,-40,0,-3,2,3,-2,-6,0,160,73,68
94419,3,0,1,76,638,114,30,11,259,49,-1,254,20,-15,-40,0,-2,2,4,-2,-6,0,160,73,68
94521,3,0,1,76,686,116,31,14,243,60,-4,235,25,-24,-40,0,-2,2,5,-2,-6,0,160,73,68
94622,3,0,1,76,686,116,31,14,243,60,-4,235,25,-24,-40,0,-2,1,6,-2,-7,0,159,73,68
94724,3,0,1,76,686,116,31,14,243,60,-4,235,25,-24,-40,0,-2,2,7,-2,-7,0,160,73,68
94825,3,0,1,76,686,116,31,14,243,60,-4,235,25,-24,-40,0,-2,1,8,-2,-7,0,159,73,68
94927,3,0,1,63,756,137,32,19,241,79,0,227,31,-23,-40,0,-2,2,9,-2,-7,0,159,73,68
95028,3,0,1,63,756,137,32,19,241,79,0,227,31,-23,-40,0,-3,1,10,-2,-7,0,160,73,68
95129,3,0,1,66,788,127,30,22,257,94,2,238,34,-19,-40,0,-3,0,12,-2,-7,0,159,73,68
95236,3,0,1,66,788,127,30,22,257,94,2,238,34,-19,-40,0,-2,0,13,-2,-7,0,160,73,68
95337,3,0,1,66,788,127,30,22,257,94,2,238,34,-19,-40,0,-3,0,15,-2,-7,0,159,73,68
95438,3,0,1,79,817,128,30,24,257,102,2,235,37,-21,-40,0,-3,0,18,-2,-7,0,158,73,68
95540,3,0,1,79,817,128,30,24,257,102,2,235,37,-21,-40,0,-4,0,20,-2,-7,0,157,73,68
95641,3,0,1,77,815,126,34,23,222,88,5,203,38,-36,-40,0,-4,-1,22,-1,-7,0,158,73,68
95742,3,0,1,77,815,126,34,23,222,88,5,203,38,-36,-40,0,-4,-1,24,-1,-7,0,158,73,68
95843,3,0,1,77,799,113,29,22,261,98,3,241,37,-20,-40,0,-4,0,26,0,-8,0,157,73,68
95944,3,0,0,77,799,113,0,22,261,98,3,241,0,0,0,0,-3,1,28,-1,-8,0,156,73,68
96045,3,0,1,72,748,121,27,19,283,90,0,267,23,-8,-40,0,-3,0,31,-1,-8,0,157,73,68
96146,3,0,1,79,721,105,27,17,283,81,0,269,21,-9,-40,0,-4,0,32,-1,-8,0,158,73,69
96247,3,0,1,79,721,105,27,17,283,81,0,269,21,-9,-40,0,-6,1,33,-1,-8,0,158,73,69
96348,3,0,1,79,721,105,27,17,283,81,0,269,21,-9,-40,0,-6,1,33,-1,-7,0,158,73,69
96450,3,0,1,67,689,120,24,15,321,80,17,310,20,14,-40,0,-7,0,35,0,-7,0,158,73,69
96554,3,0,1,67,689,120,24,15,321,80,17,310,20,14,-40,0,-7,0,36,0,-7,0,161,73,69
96655,3,0,1,67,689,120,24,15,321,80,17,310,20,14,-40,0,-7,0,36,0,-7,0,160,73,69
96756,3,0,1,79,633,114,22,11,342,63,22,335,16,19,-40,0,-7,0,37,0,-7,0,161,73,69
96857,3,0,1,79,633,114,22,11,342,63,22,335,16,19,-40,0,-7,0,38,0,-7,0,161,73,69
96958,3,0,1,79,627,109,22,10,353,62,21,346,17,25,-40,0,-7,-1,39,0,-7,0,163,73,69
97059,3,0,1,81,625,111,21,10,370,65,22,363,18,30,-40,0,-7,-1,39,1,-7,0,162,73,69
97160,3,0,1,79,625,108,21,10,364,64,21,357,19,27,-40,0,-7,-1,39,1,-7,0,162,73,68
97261,3,0,1,80,624,118,21,10,364,63,25,358,19,27,-40,0,-7,-1,40,1,-7,0,162,73,68
97361,3,0,1,80,624,118,21,10,364,63,25,358,19,27,-40,0,-7,-1,41,2,-7,0,162,73,68
97463,3,0,1,79,631,116,21,11,364,66,24,357,22,27,-40,0,-7,-1,42,2,-7,0,161,73,68
97564,3,0,1,79,631,116,21,11,364,66,24,357,22,27,-40,0,-7,-1,43,3,-7,0,161,73,68
97665,3,0,1,79,637,103,21,11,358,68,19,351,23,26,-40,0,-7,-1,43,3,-7,0,161,73,68
97766,3,0,1,72,645,109,21,12,370,73,22,361,24,31,-40,0,-7,0,44,3,-7,0,161,73,68
97868,3,0,1,74,653,111,19,12,400,83,24,390,26,45,-40,0,-7,0,45,4,-7,0,161,73,68
97969,3,0,1,74,653,111,19,12,400,83,24,390,26,45,-40,0,-7,0,46,4,-7,0,161,73,68
98070,3,0,1,70,654,118,19,12,394,82,27,384,26,39,-40,0,-7,0,47,4,-6,0,158,73,68
98171,3,0,1,69,653,111,21,12,364,76,22,355,27,30,-40,0,-7,0,48,5,-6,0,159,73,67
98272,3,0,1,69,653,111,21,12,364,76,22,355,27,30,-40,0,-7,0,50,5,-6,0,158,73,67
98373,3,0,1,69,653,111,21,12,364,76,22,355,27,30,-40,0,-7,0,51,5,-7,0,158,73,67
98474,3,0,1,74,654,103,21,12,370,77,19,360,28,31,-40,0,-7,-1,52,5,-7,0,158,73,67
98575,3,0,1,74,654,103,21,12,370,77,19,360,28,31,-40,0,-7,0,53,5,-7,0,156,73,67
98678,3,0,1,79,646,114,22,12,353,70,22,344,27,26,-40,0,-7,0,55,5,-7,0,156,73,67
98779,3,0,1,75,643,108,21,11,370,72,21,361,28,35,-40,0,-7,-1,56,4,-6,0,154,73,67
98881,3,0,1,75,643,108,21,11,370,72,21,361,28,35,-40,0,-7,-1,57,4,-6,0,154,73,67
98982,3,0,1,75,643,108,21,11,370,72,21,361,28,35,-40,0,-7,-2,59,4,-6,0,153,73,67
99084,3,0,1,79,628,115,21,10,365,65,24,358,27,35,-40,0,-7,-2,60,4,-6,0,151,73,67
99185,3,0,1,79,628,115,21,10,365,65,24,358,27,35,-40,0,-7,-1,62,4,-6,0,151,73,68
99286,3,0,1,75,621,122,20,10,376,64,27,369,27,40,-40,0,-7,-1,63,4,-6,0,149,73,68
99387,3,0,1,67,610,109,20,9,382,60,22,376,26,42,-40,0,-7,-2,64,4,-5,0,149,73,68
99489,3,0,1,64,593,136,20,8,381,52,33,376,25,41,-40,0,-6,-3,64,5,-5,0,151,73,68
99591,3,0,1,64,586,111,20,7,387,49,24,382,26,45,-40,0,-7,-2,65,5,-6,0,152,73,68
99692,3,0,1,64,586,111,20,7,387,49,24,382,26,45,-40,0,-7,-1,66,6,-6,0,151,73,68
99793,3,0,1,64,575,122,20,7,380,43,27,377,25,42,-40,0,-7,-1,68,6,-5,0,152,72,68
99894,3,0,1,64,575,122,20,7,380,43,27,377,25,42,-40,0,-7,-1,69,6,-5,0,153,72,68
99995,3,0,1,68,575,128,18,7,424,49,33,421,26,61,-40,0,-7,-1,70,6,-5,0,155,72,68
100096,3,0,1,68,575,128,18,7,424,49,33,421,26,61,-40,0,-7,-1,71,6,-5,0,155,72,68
100197,3,0,1,69,574,132,18,7,418,47,35,414,27,62,-40,0,-7,-1,73,6,-4,0,155,72,68
100298,3,0,1,69,574,132,18,7,418,47,35,414,27,62,-40,0,-7,-1,75,5,-4,0,155,72,68
100399,3,0,1,72,574,141,19,7,411,47,38,408,28,56,-40,0,-7,-2,76,5,-4,0,155,72,68
100500,3,0,1,71,573,130,19,7,412,46,33,409,28,59,-40,0,-7,-2,78,5,-4,0,154,72,68
100600,3,0,1,69,571,123,18,6,425,47,31,422,28,64,-40,0,-7,-2,78,5,-4,0,154,72,68
100701,3,0,0,69,571,123,0,6,425,47,31,422,0,0,0,0,-7,-2,81,5,-3,0,156,72,68
100802,3,0,1,73,547,141,18,5,432,35,40,430,9,43,-40,0,-6,-2,82,6,-3,0,156,72,68
100904,3,0,1,70,539,117,18,4,424,30,29,422,8,40,-40,0,-7,-1,84,6,-2,0,156,72,68
101005,3,0,1,70,539,117,18,4,424,30,29,422,8,40,-40,0,-7,0,84,6,-2,0,157,72,68
101106,3,0,1,69,524,112,19,3,398,21,25,397,7,33,-40,0,-7,-1,84,6,-2,0,156,72,68
101207,3,0,1,62,514,134,18,2,418,17,35,417,6,44,-40,0,-7,-1,84,5,-2,0,157,72,67
101308,3,0,1,67,489,136,19,1,412,4,36,411,4,40,-40,0,-7,-2,83,5,-2,0,156,72,67
101409,3,0,1,67,498,151,18,1,419,9,36,418,6,45,-40,0,-6,-2,83,5,-2,0,155,72,67
101510,3,0,1,68,524,123,20,3,387,20,22,385,9,29,-40,0,-6,-2,83,5,-2,0,154,72,67
101611,3,0,1,70,531,125,19,4,399,24,23,398,10,41,-40,0,-6,-2,83,5,-3,0,152,72,67
101713,3,0,1,72,535,115,19,4,399,26,19,397,10,39,-40,0,-6,-2,83,4,-3,0,153,71,67
101814,3,0,1,72,535,115,19,4,399,26,19,397,10,39,-40,0,-7,-2,83,4,-4,0,152,71,67
101915,3,0,1,63,553,119,20,5,383,34,26,380,12,35,-40,0,-7,-2,83,3,-4,0,154,71,67
102016,3,0,1,63,553,119,20,5,383,34,26,380,12,35,-40,0,-7,-2,83,3,-4,0,154,71,67
102117,3,0,1,64,576,120,19,7,393,45,28,389,15,42,-40,0,-7,-2,83,3,-5,0,154,71,67
102219,3,0,1,64,576,120,19,7,393,45,28,389,15,42,-40,0,-6,-2,83,2,-5,0,153,71,68
102320,3,0,1,69,587,116,19,7,407,52,20,402,16,52,-40,0,-6,-3,84,2,-5,0,152,71,68
102420,3,0,1,69,595,125,19,8,407,56,31,402,17,49,-40,0,-7,-3,84,2,-6,0,152,71,68
102522,3,0,1,69,599,108,19,8,396,57,23,391,18,46,-40,0,-7,-3,85,2,-6,0,152,71,68
102624,3,0,1,69,599,108,19,8,396,57,23,391,18,46,-40,0,-8,-3,85,2,-6,0,151,71,68
102725,3,0,1,69,599,108,19,8,396,57,23,391,18,46,-40,0,-8,-4,86,1,-6,0,153,71,68
102826,3,0,1,68,610,119,20,9,385,60,33,379,19,43,-40,0,-9,-4,86,1,-6,0,155,71,68
102931,3,0,1,68,610,119,20,9,385,60,33,379,19,43,-40,0,-9,-4,87,1,-5,0,156,71,68
103032,3,0,0,69,615,116,0,9,442,72,45,435,0,0,0,0,-10,-5,88,1,-5,0,156,71,68
103136,3,0,0,69,615,116,0,9,442,72,45,435,0,0,0,0,-10,-5,89,2,-5,0,158,71,68
103237,3,0,0,69,615,116,0,9,442,72,45,435,0,0,0,0,-10,-5,90,2,-5,0,160,71,67
103338,3,0,0,69,615,116,0,9,442,72,45,435,0,0,0,0,-11,-5,90,2,-4,0,161,71,67
103439,3,0,1,71,575,45,17,7,456,52,28,449,11,57,-40,0,-11,-4,90,2,-4,0,164,71,67
103540,3,0,1,71,569,55,16,6,494,53,44,487,11,68,-40,0,-12,-4,90,2,-3,0,164,71,67
103641,3,0,1,63,558,53,15,5,526,49,55,519,10,85,-40,0,-13,-4,91,2,-3,0,166,71,67
103743,3,0,1,63,558,53,15,5,526,49,55,519,10,85,-40,0,-13,-5,91,2,-2,0,168,70,67
103844,3,0,1,68,568,41,18,6,438,46,40,431,12,49,-40,0,-13,-5,91,3,-1,0,170,70,67
103944,3,0,1,72,571,26,16,6,474,51,45,465,12,75,-40,0,-14,-5,92,3,0,0,169,70,67
104045,3,0,1,76,571,18,16,6,474,51,41,464,13,66,-40,0,-14,-5,92,3,0,0,173,70,67
104147,3,0,1,76,571,18,16,6,474,51,41,464,13,66,-40,0,-15,-5,92,3,0,0,171,70,67
104248,3,0,1,77,570,29,18,6,434,47,50,426,13,55,-40,0,-15,-6,93,3,1,0,173,70,67
104349,3,0,1,74,571,20,19,6,407,44,50,399,14,42,-40,0,-16,-6,93,3,2,0,173,70,67
104450,3,0,1,75,571,19,19,6,420,46,51,412,14,53,-40,0,-16,-6,94,3,3,0,172,70,67
104552,3,0,1,77,574,17,19,7,404,45,48,396,15,44,-40,0,-16,-7,94,3,4,0,173,70,67
104653,3,0,1,77,574,17,19,7,404,45,48,396,15,44,-40,0,-17,-7,95,4,5,0,171,70,67
104754,3,0,1,77,574,17,19,7,404,45,48,396,15,44,-40,0,-17,-8,95,4,6,0,169,70,67
104855,3,0,1,77,574,20,19,7,407,46,57,399,15,50,-40,0,-17,-9,96,4,7,0,167,70,67
104957,3,0,1,77,571,20,19,6,425,46,59,417,15,56,-40,0,-17,-9,96,5,9,0,164,70,67
105058,3,0,1,77,571,20,19,6,425,46,59,417,15,56,-40,0,-14,-9,96,5,10,0,161,70,67
105159,3,0,1,77,571,20,19,6,425,46,59,417,15,56,-40,0,-10,-7,96,6,10,0,163,70,68
105261,3,0,1,77,571,20,19,6,425,46,59,417,15,56,-40,0,-10,-7,96,6,10,0,163,70,68
105362,3,0,1,77,569,10,17,6,451,48,11,442,15,65,-40,0,-12,-7,97,6,10,0,162,70,68
105463,3,0,1,77,569,10,17,6,451,48,11,442,15,65,-40,0,-12,-7,97,6,10,0,162,70,68
105564,3,0,1,72,597,3,20,8,394,55,14,384,18,46,-40,0,-12,-6,98,5,11,0,162,70,68
105671,3,0,1,72,597,3,20,8,394,55,14,384,18,46,-40,0,-12,-6,98,5,11,0,162,70,68
105772,3,0,1,75,630,23,21,11,381,68,28,370,22,45,-40,0,-13,-7,99,5,11,0,165,69,68
105873,3,0,1,74,634,22,21,11,381,70,28,369,22,46,-40,0,-12,-6,100,6,12,0,166,69,68
105974,3,0,1,73,646,23,22,12,349,69,19,338,24,32,-40,0,-12,-6,100,6,12,0,166,69,68
106075,3,0,1,71,659,18,22,13,361,77,6,348,26,43,-40,0,-9,-6,102,6,12,0,160,69,68
106176,3,0,1,69,673,26,24,14,328,75,2,315,28,27,-40,0,-9,-6,103,6,11,0,159,69,67
106278,3,0,1,79,692,21,24,15,328,83,0,313,30,33,-40,0,-9,-6,103,6,11,0,159,69,67
106388,3,0,1,83,700,27,25,15,318,83,-2,303,31,29,-40,0,-7,-6,105,6,11,0,159,69,67
106489,3,0,1,83,703,30,25,16,318,84,-7,303,32,32,-40,0,-6,-5,106,6,11,0,162,69,67
106590,3,0,1,83,711,39,25,16,315,87,-9,300,33,31,-40,0,-6,-5,108,6,10,0,162,69,67
106691,3,0,1,83,714,38,25,16,306,85,-9,291,34,28,-40,0,-6,-5,108,6,10,0,162,69,67
106792,3,0,1,83,718,71,25,17,306,87,-4,291,35,29,-40,0,-5,-6,111,5,9,0,160,69,67
106894,3,0,1,83,717,76,25,17,308,87,-2,293,35,31,-40,0,-6,-7,113,5,9,0,163,69,67
106995,3,0,1,83,717,93,25,17,310,88,8,296,36,33,-40,0,-5,-7,115,5,9,0,162,69,67
107097,3,0,1,83,717,93,25,17,310,88,8,296,36,33,-40,0,-5,-7,115,5,9,0,162,69,67
107198,3,0,1,83,707,110,29,16,271,74,7,260,36,7,-40,0,-5,-6,119,5,8,0,158,69,67
107299,3,0,1,83,704,96,29,16,267,71,3,256,36,7,-40,0,-5,-6,119,5,8,0,158,69,67
107400,3,0,1,83,706,104,30,16,263,71,9,252,37,6,-40,0,-6,-6,121,5,8,0,157,69,67
107501,3,0,1,83,707,112,29,16,273,74,12,262,38,12,-40,0,-6,-7,123,5,8,0,157,69,67
107602,3,0,1,83,709,113,29,16,269,74,3,258,39,7,-40,0,-4,-7,125,4,8,0,158,69,67
107703,3,0,1,83,707,109,29,16,269,73,-2,258,39,9,-40,0,-3,-7,127,4,8,0,158,69,67
107804,3,0,1,83,704,96,30,16,267,71,-15,256,40,8,-40,0,-1,-8,129,4,8,0,159,68,67
107909,3,0,1,83,703,86,31,16,259,69,-17,248,41,4,-40,0,-1,-8,132,4,7,0,158,68,67
108010,3,0,1,82,698,126,31,15,261,68,-7,252,41,7,-40,0,0,-9,137,3,6,0,157,68,67
108111,3,0,1,83,694,149,31,15,261,67,-5,252,41,6,-40,0,0,-9,137,3,6,0,157,68,67
108212,3,0,1,79,685,155,30,14,273,67,-3,264,41,10,-40,0,0,-10,140,3,6,0,153,68,67
108314,3,0,1,80,665,149,30,13,269,60,-10,261,39,6,-40,0,1,-10,145,3,7,0,151,68,67
108416,3,0,1,83,648,149,30,12,263,53,-14,257,39,5,-40,0,1,-8,150,4,7,0,149,68,67
108518,3,0,1,83,648,149,30,12,263,53,-14,257,39,5,-40,0,1,-8,150,4,7,0,149,68,67
108619,3,0,1,79,586,153,30,7,267,34,-4,264,33,6,-40,0,0,-8,153,3,6,0,150,68,67
108720,3,0,1,72,569,145,30,6,270,29,-6,268,33,7,-40,0,0,-9,156,3,7,0,152,68,67
108821,3,0,1,83,558,135,31,5,259,24,-13,257,32,1,-40,0,2,-7,160,3,7,0,156,68,67
108926,3,0,1,83,537,132,29,4,273,18,-19,272,31,10,-40,0,2,-7,162,3,7,0,157,68,67
109028,3,0,1,79,491,141,29,1,273,3,-17,273,26,7,-40,0,2,-8,165,2,7,0,157,68,67
109129,3,0,1,79,491,141,29,1,273,3,-17,273,26,7,-40,0,3,-8,167,2,7,0,158,68,67
109230,3,0,1,83,460,129,29,-1,271,-6,-25,271,15,6,-40,0,3,-7,169,1,8,0,159,68,67
109331,3,0,1,83,450,127,30,-2,265,-9,-25,264,14,2,-40,0,3,-6,170,1,8,0,162,68,67
109432,3,0,1,83,450,127,30,-2,265,-9,-25,264,14,2,-40,0,3,-6,172,1,7,0,164,68,67
109534,3,0,1,83,403,137,30,-5,265,-24,-27,263,11,3,-40,0,4,-7,173,1,7,0,164,68,67
109634,3,0,1,75,394,155,27,-6,291,-30,-29,289,10,16,-40,0,5,-7,173,0,8,0,166,68,67
109742,3,0,1,75,394,155,27,-6,291,-30,-29,289,10,16,-40,0,5,-6,174,0,8,0,165,68,67
109843,3,0,1,72,388,164,30,-6,259,-28,-19,256,10,0,-40,0,4,-6,175,0,8,0,164,68,67
109945,3,0,1,72,388,161,30,-6,263,-29,-20,261,10,4,-40,0,4,-6,175,0,8,0,161,68,67
110046,3,0,1,75,391,163,29,-6,271,-29,-15,269,11,7,-40,0,3,-6,176,0,7,0,160,68,67
110149,3,0,1,83,429,184,32,-4,245,-15,-8,244,16,-7,-40,0,3,-7,176,0,7,0,159,68,67
110250,3,0,1,83,447,189,33,-2,241,-9,-7,240,16,-5,-40,0,3,-7,176,0,7,0,157,68,67
110351,3,0,1,81,456,148,32,-2,245,-7,-22,244,17,-5,-40,0,4,-7,176,0,7,0,156,68,67
110452,3,0,1,79,470,163,32,-1,248,-3,-18,248,19,-3,-40,0,4,-8,176,0,7,0,154,68,67
110553,3,0,1,82,492,144,31,1,252,3,-24,252,31,-2,-40,0,4,-8,177,0,7,0,153,68,67
110654,3,0,1,83,538,147,33,4,243,17,-22,242,37,-8,-40,0,4,-8,177,0,7,0,152,68,67
110756,3,0,1,83,538,147,33,4,243,17,-22,242,37,-8,-40,0,5,-8,178,0,7,0,151,67,67
110857,3,0,1,68,580,149,33,7,243,29,-26,241,39,-7,-40,0,5,-8,-179,0,7,0,152,67,67
110959,3,0,1,68,580,149,33,7,243,29,-26,241,39,-7,-40,0,6,-7,-176,0,7,0,153,67,67
111060,3,0,1,82,605,138,32,9,245,37,-37,241,40,-7,-40,0,7,-7,-174,0,7,0,156,67,67
111161,3,0,1,82,636,139,33,11,235,44,-35,230,44,-12,-40,0,7,-6,-171,0,7,0,155,67,67
111262,3,0,1,82,625,155,34,10,228,40,-30,224,42,-15,-40,0,7,-6,-168,0,7,0,153,67,66
111363,3,0,1,82,625,155,34,10,228,40,-30,224,42,-15,-40,0,7,-5,-165,0,7,0,154,67,66
111464,3,0,1,82,630,151,34,11,230,41,-32,226,43,-13,-40,0,7,-5,-162,0,7,0,152,67,66
111565,3,0,1,79,607,188,35,9,223,34,-22,220,40,-17,-40,0,8,-5,-158,0,7,0,154,67,66
111667,3,0,1,75,587,185,34,7,230,29,-28,227,38,-13,-40,0,8,-4,-155,0,7,0,154,67,66
111768,3,0,1,69,567,168,35,6,222,23,-30,220,36,-19,-40,0,8,-4,-152,0,7,0,156,67,66
111868,3,0,1,79,553,182,35,5,222,19,-27,220,36,-18,-40,0,8,-5,-149,-1,6,0,156,67,66
111970,3,0,1,79,553,182,35,5,222,19,-27,220,36,-18,-40,0,8,-5,-147,-1,6,0,157,67,66
112076,3,0,1,82,461,197,35,-1,224,-5,-28,224,17,-17,-40,0,9,-5,-144,-1,6,0,158,67,66
112177,3,0,1,82,461,197,35,-1,224,-5,-28,224,17,-17,-40,0,9,-4,-142,-2,6,0,158,67,66
112279,3,0,1,83,447,191,35,-2,218,-8,-28,217,17,-22,-40,0,10,-4,-140,-2,6,0,159,67,67
112380,3,0,1,83,447,191,35,-2,218,-8,-28,217,17,-22,-40,0,10,-4,-139,-2,6,0,158,67,67
112482,3,0,1,77,398,199,32,-6,240,-23,-34,238,12,-14,-40,0,10,-4,-138,-2,6,0,162,67,67
112583,3,0,1,77,398,199,32,-6,240,-23,-34,238,12,-14,-40,0,11,-4,-137,-2,6,0,162,67,67
112683,3,0,1,83,336,217,33,-10,232,-40,-32,228,7,-19,-40,0,11,-3,-136,-3,6,0,162,67,67
112784,3,0,1,83,325,209,33,-11,231,-43,-34,226,7,-19,-40,0,11,-3,-135,-3,6,0,159,66,67
112885,3,0,1,83,328,217,33,-11,235,-43,-33,230,7,-19,-40,0,11,-3,-135,-3,5,0,157,66,67
112986,3,0,1,83,328,217,33,-11,235,-43,-33,230,7,-19,-40,0,11,-3,-134,-3,5,0,157,66,67
113087,3,0,1,83,329,233,34,-11,228,-41,-28,223,7,-24,-40,0,11,-3,-134,-3,5,0,155,66,67
113189,3,0,1,83,329,233,34,-11,228,-41,-28,223,7,-24,-40,0,11,-3,-134,-3,6,0,152,66,67
113290,3,0,1,82,340,226,34,-10,224,-38,-29,220,8,-26,-40,0,11,-3,-133,-3,5,0,151,66,66
113391,3,0,1,82,340,226,34,-10,224,-38,-29,220,8,-26,-40,0,11,-3,-133,-3,5,0,151,66,66
113494,3,0,1,82,340,226,34,-10,224,-38,-29,220,8,-26,-40,0,11,-4,-133,-3,5,0,149,66,66
113595,3,0,1,79,418,216,35,-4,222,-16,-31,220,15,-26,-40,0,12,-4,-132,-3,5,0,147,66,66
113696,3,0,1,81,447,216,35,-2,218,-8,-34,217,17,-29,-40,0,12,-3,-132,-3,6,0,146,66,66
113798,3,0,1,82,492,212,35,1,219,3,-35,218,33,-31,-40,0,12,-3,-132,-3,6,0,147,66,66
113898,3,0,1,81,534,230,34,4,224,14,-28,223,36,-28,-40,0,11,-3,-131,-3,6,0,148,66,66
113999,3,0,1,81,534,230,34,4,224,14,-28,223,36,-28,-40,0,11,-3,-130,-3,6,0,151,66,66
114100,3,0,1,75,573,225,36,7,214,24,-28,211,39,-34,-40,0,11,-3,-129,-2,6,0,152,66,66
114201,3,0,1,75,573,225,36,7,214,24,-28,211,39,-34,-40,0,12,-3,-127,-2,6,0,155,66,66
114302,3,0,1,79,607,220,35,9,217,33,-29,214,42,-36,-40,0,11,-3,-124,-2,6,0,158,66,67
114405,3,0,1,79,616,218,37,10,210,34,-29,207,42,-38,-40,0,11,-3,-122,-2,6,0,159,66,67
114506,3,0,1,79,608,233,37,9,210,32,-25,206,41,-39,-40,0,11,-2,-120,-2,7,0,160,66,67
114608,3,0,1,81,592,246,35,8,220,29,-24,216,39,-35,-40,0,11,-1,-117,-2,7,0,163,66,67
114712,3,0,1,81,592,246,35,8,220,29,-24,216,39,-35,-40,0,11,-1,-114,-2,7,0,164,65,67
114813,3,0,1,82,556,254,35,5,216,19,-25,214,34,-43,-40,0,12,-1,-111,-3,7,0,167,65,67
114914,3,0,1,83,535,245,33,4,230,15,-29,228,33,-33,-40,0,12,0,-109,-3,7,0,167,65,67
115016,3,0,1,83,518,255,33,3,234,10,-27,232,32,-35,-40,0,12,0,-106,-3,7,0,168,65,67
115117,3,0,1,79,474,260,34,-0,224,-1,-25,223,17,-39,-40,0,12,0,-104,-3,7,0,167,65,67
115219,3,0,1,83,463,261,32,-1,241,-4,-27,240,18,-31,-40,0,12,0,-102,-3,7,0,169,65,67
115320,3,0,1,83,463,261,32,-1,241,-4,-27,240,18,-31,-40,0,11,0,-101,-4,7,0,168,65,67
115421,3,0,1,83,448,261,32,-2,241,-9,-22,239,16,-34,-40,0,10,0,-100,-4,7,0,168,65,67
115522,3,0,1,83,448,261,32,-2,241,-9,-22,239,16,-34,-40,0,10,0,-100,-4,7,0,168,65,67
115623,3,0,1,83,403,276,29,-5,265,-24,-16,262,13,-26,-40,0,10,0,-99,-4,7,0,167,65,67
115728,3,0,1,83,403,276,29,-5,265,-24,-16,262,13,-26,-40,0,10,1,-99,-5,7,0,165,65,67
115829,3,0,1,83,395,260,30,-6,253,-26,-19,250,13,-32,-40,0,10,1,-98,-5,7,0,167,65,67
115930,3,0,1,83,395,260,30,-6,253,-26,-19,250,13,-32,-40,0,10,1,-98,-5,6,0,167,65,67
116031,3,0,1,83,423,250,28,-4,274,-18,-24,272,16,-24,-40,0,10,1,-98,-5,6,0,167,65,67
116132,3,0,1,83,442,248,28,-3,274,-12,-24,272,18,-27,-40,0,11,1,-98,-5,6,0,166,65,67
116233,3,0,1,83,455,249,28,-2,270,-8,-28,269,19,-28,-40,0,11,1,-97,-6,5,0,165,65,67
116334,3,0,1,83,455,249,28,-2,270,-8,-28,269,19,-28,-40,0,11,1,-97,-6,6,0,162,65,67
116435,3,0,1,70,480,252,26,0,297,0,-25,295,31,-19,-40,0,10,2,-96,-6,6,0,163,65,67
116536,3,0,1,83,505,277,23,2,332,10,-14,329,34,6,-40,0,9,2,-96,-6,6,0,163,65,67
116637,3,0,1,83,509,286,25,2,302,10,-10,299,34,-11,-40,0,9,2,-95,-6,5,0,164,65,67
116739,3,0,1,83,526,284,24,3,321,17,-11,318,36,0,-40,0,9,2,-94,-6,5,0,166,65,67
116840,3,0,1,83,547,259,23,5,337,27,-15,334,38,2,-40,0,8,2,-92,-6,5,0,164,65,67
116941,3,0,1,82,556,255,24,5,316,29,-9,313,38,-6,-40,0,6,2,-89,-6,4,0,161,65,67
117042,3,0,1,82,556,255,24,5,316,29,-9,313,38,-6,-40,0,6,2,-87,-6,3,0,160,65,67
117143,3,0,1,82,556,255,24,5,316,29,-9,313,38,-6,-40,0,6,2,-87,-6,3,0,160,65,67
117244,3,0,1,82,556,255,24,5,316,29,-9,313,38,-6,-40,0,6,4,-82,-7,2,0,160,65,67
117345,3,0,1,79,556,249,23,5,334,30,-6,331,38,2,-40,0,6,4,-82,-7,2,0,160,65,67
117446,3,0,1,82,523,206,22,3,345,18,-16,344,35,3,-40,0,5,4,-80,-7,2,0,157,65,67
117547,3,0,1,79,515,197,22,2,356,15,-20,355,34,11,-40,0,5,5,-76,-7,1,0,158,65,67
117648,3,0,1,79,515,197,22,2,356,15,-20,355,34,11,-40,0,5,5,-76,-7,1,0,158,65,67
117749,3,0,1,76,493,210,22,1,353,5,-15,352,32,7,-40,0,5,5,-73,-7,0,0,157,64,67
117850,3,0,1,73,470,189,23,-1,337,-4,-16,336,19,0,-40,0,4,5,-71,-7,0,0,153,64,67
117951,3,0,1,78,451,189,21,-2,375,-13,-11,375,17,20,-40,0,3,5,-70,-7,0,0,152,64,67
118052,3,0,1,77,436,175,20,-3,390,-20,-10,389,16,22,-40,0,2,6,-68,-7,0,0,150,64,67
118153,3,0,1,68,406,189,21,-5,372,-33,-4,370,13,13,-40,0,2,6,-66,-7,0,0,149,64,67
118255,3,0,1,68,406,189,21,-5,372,-33,-4,370,13,13,-40,0,3,6,-65,-7,-1,0,149,64,67
118356,3,0,1,70,368,147,20,-8,388,-52,-22,383,10,21,-40,0,2,7,-64,-7,-1,0,145,64,67
118457,3,0,1,70,368,147,20,-8,388,-52,-22,383,10,21,-40,0,1,6,-64,-7,-1,0,144,64,67
118558,3,0,1,75,337,134,20,-10,390,-67,-14,383,7,21,-40,0,0,6,-63,-6,-1,0,144,64,67
118659,3,0,1,78,334,136,21,-10,372,-65,-19,365,7,13,-40,0,1,6,-62,-6,-2,0,142,64,67
118759,3,0,1,81,331,137,22,-10,360,-65,-18,354,7,10,-40,0,1,6,-62,-6,-2,0,142,64,67
118861,3,0,1,79,331,109,21,-10,378,-68,-30,370,7,19,-40,0,1,6,-61,-6,-3,0,142,64,67
118962,3,0,1,80,340,106,21,-10,378,-64,-31,371,8,18,-40,0,1,6,-61,-5,-3,0,142,64,67
119063,3,0,1,82,348,107,21,-9,366,-58,-29,360,8,15,-40,0,1,6,-60,-5,-3,0,141,64,67
119165,3,0,1,76,364,104,22,-8,358,-50,-24,353,10,11,-40,0,0,5,-60,-5,-3,0,141,64,67
119266,3,0,1,64,379,101,22,-7,359,-44,-31,355,11,15,-40,0,1,5,-60,-5,-3,0,142,64,67
119373,3,0,1,74,401,91,22,-6,356,-34,-34,353,13,14,-40,0,1,4,-60,-4,-3,0,143,64,67
119474,3,0,1,83,412,94,22,-5,356,-29,-33,353,13,15,-40,0,1,4,-60,-4,-3,0,142,64,67
119575,3,0,1,83,412,94,22,-5,356,-29,-33,353,13,15,-40,0,1,3,-60,-4,-4,0,143,64,67
119676,3,0,1,82,456,94,21,-2,360,-10,-46,358,17,17,-40,0,3,3,-60,-4,-4,0,144,64,67
119778,3,0,1,76,467,105,22,-1,343,-5,-40,342,18,9,-40,0,3,3,-59,-4,-4,0,143,64,67
119879,3,0,1,70,480,97,24,0,324,0,-41,323,29,4,-40,0,3,4,-59,-4,-4,0,145,64,67
119980,3,0,1,77,496,99,23,1,340,6,-42,338,30,13,-40,0,3,4,-59,-4,-4,0,145,64,67
120081,3,0,1,83,502,107,24,2,324,8,-32,323,30,5,-40,0,2,4,-59,-4,-5,0,145,64,67
120182,3,0,1,83,512,119,23,2,329,12,-39,328,31,11,-40,0,4,4,-58,-4,-4,0,146,64,67
120284,3,0,1,83,537,113,25,4,304,21,-33,302,34,-1,-40,0,3,4,-58,-4,-4,0,147,64,67
120384,3,0,1,83,541,124,25,4,314,23,-30,312,33,7,-40,0,3,4,-57,-4,-4,0,148,64,68
120485,3,0,1,83,541,124,25,4,314,23,-30,312,33,7,-40,0,3,3,-56,-4,-4,0,150,64,68
120587,3,0,1,83,541,124,25,4,314,23,-30,312,33,7,-40,0,3,3,-55,-4,-4,0,151,64,68
120687,3,0,1,80,587,134,27,7,284,36,-25,281,38,-16,-40,0,3,3,-54,-4,-4,0,152,64,68
120789,3,0,1,83,593,127,27,8,288,39,-27,284,37,-11,-40,0,3,2,-51,-3,-3,0,153,64,68
120890,3,0,1,83,593,127,27,8,288,39,-27,284,37,-11,-40,0,3,2,-49,-4,-4,0,152,64,68
120994,3,0,1,83,601,134,24,8,322,47,-28,318,38,13,-40,0,3,3,-44,-4,-4,0,156,64,68
121102,3,0,1,83,601,134,24,8,322,47,-28,318,38,13,-40,0,2,3,-41,-4,-3,0,157,64,68
121203,3,0,1,82,598,123,23,8,328,46,-26,323,38,13,-40,0,1,3,-38,-5,-3,0,159,64,68
121304,3,0,1,82,598,123,23,8,328,46,-26,323,38,13,-40,0,0,3,-35,-4,-3,0,156,64,67
121407,3,0,1,82,564,117,22,6,355,36,-19,352,35,22,-40,0,0,3,-33,-4,-3,0,159,64,67
121508,3,0,1,83,520,119,23,3,337,16,-11,336,30,12,-40,0,-1,2,-30,-4,-4,0,160,64,67
121609,3,0,1,82,491,128,25,1,311,4,-2,311,27,3,-40,0,-2,2,-27,-4,-4,0,158,64,67
121710,3,0,1,83,467,129,26,-1,297,-4,3,296,15,-10,-40,0,-3,2,-24,-4,-4,0,157,63,67
121823,3,0,1,83,467,129,26,-1,297,-4,3,296,15,-10,-40,0,-3,2,-22,-3,-4,0,158,63,67
121924,3,0,1,79,372,133,27,-8,287,-37,0,284,7,-13,-40,0,-2,1,-21,-3,-5,0,157,63,67
122025,3,0,1,83,352,130,24,-9,321,-50,-1,317,5,16,-40,0,-2,2,-20,-3,-5,0,156,63,67
122126,3,0,1,83,352,130,24,-9,321,-50,-1,317,5,16,-40,0,-2,2,-19,-4,-5,0,157,63,67
122231,3,0,1,83,352,130,24,-9,321,-50,-1,317,5,16,-40,0,-3,2,-19,-4,-5,0,157,63,67
122332,3,0,1,83,261,164,27,-15,289,-76,23,278,-1,-10,-40,0,-5,3,-18,-4,-5,0,155,63,68
122433,3,0,1,83,258,138,27,-16,279,-74,20,268,-1,-12,-40,0,-6,2,-18,-4,-5,0,155,63,68
122534,3,0,1,83,258,138,27,-16,279,-74,20,268,-1,-12,-40,0,-6,2,-17,-4,-6,0,156,63,68
122635,3,0,1,83,256,135,27,-16,284,-76,19,273,-1,-10,-40,0,-6,2,-17,-4,-6,0,152,63,68
122736,3,0,1,83,256,135,27,-16,284,-76,19,273,-1,-10,-40,0,-5,3,-16,-4,-6,0,151,63,68
122837,3,0,1,79,282,139,27,-14,289,-69,16,280,0,-8,-40,0,-5,3,-15,-4,-7,0,151,63,68
122938,3,0,1,79,282,139,27,-14,289,-69,16,280,0,-8,-40,0,-4,3,-14,-4,-7,0,149,63,68
123039,3,0,1,83,310,94,25,-12,309,-63,-2,301,2,10,-40,0,-4,4,-14,-3,-8,0,149,63,68
123140,3,0,1,83,310,94,25,-12,309,-63,-2,301,2,10,-40,0,-3,5,-13,-3,-8,0,149,63,68
123241,3,0,1,83,348,96,26,-9,301,-48,-7,296,5,4,-40,0,-3,5,-13,-3,-7,0,147,63,68
123342,3,0,1,83,348,96,26,-9,301,-48,-7,296,5,4,-40,0,-4,4,-13,-3,-7,0,146,63,68
123443,3,0,1,83,351,105,26,-9,299,-46,1,294,5,6,-40,0,-4,5,-13,-3,-7,0,146,63,68
123544,2,0,1,83,351,105,26,-9,299,-46,1,294,5,6,-40,0,-4,4,-12,-3,-7,0,148,63,68
123645,2,0,1,79,367,109,27,-8,290,-39,2,286,5,-9,0,0,-4,4,-12,-3,-7,0,146,63,68
123746,2,0,1,79,367,109,27,-8,290,-39,2,286,5,-9,0,0,-4,4,-12,-3,-7,0,146,63,68
123848,2,0,1,83,441,95,25,-3,303,-14,3,302,12,8,0,0,-5,3,-12,-3,-6,0,146,63,68
123950,2,0,1,80,463,106,24,-1,322,-6,7,321,13,15,0,0,-4,5,-12,-2,-7,0,149,63,68
124053,2,0,1,74,473,115,26,-0,301,-2,4,300,14,2,0,0,-3,6,-12,-3,-6,0,149,63,68
124154,2,0,1,75,491,122,26,1,301,4,6,300,25,6,0,0,-4,5,-11,-3,-6,0,151,63,68
124256,2,0,1,75,491,122,26,1,301,4,6,300,25,6,0,0,-4,5,-11,-3,-5,0,151,63,68
124357,2,0,1,83,531,91,25,4,315,19,-3,313,29,10,0,0,-4,5,-10,-3,-5,0,152,63,68
124460,2,0,1,83,531,91,25,4,315,19,-3,313,29,10,0,0,-4,5,-10,-3,-5,0,153,63,68
124561,2,0,1,81,567,155,24,6,326,34,18,324,31,14,0,0,-4,5,-9,-3,-5,0,155,63,68
124662,2,0,1,81,567,155,24,6,326,34,18,324,31,14,0,0,-3,5,-7,-4,-5,0,154,63,68
124763,2,0,1,76,579,158,26,7,301,36,12,299,32,4,0,0,-4,5,-5,-4,-5,0,157,62,68
124865,2,0,1,76,579,158,26,7,301,36,12,299,32,4,0,0,-4,5,-3,-4,-5,0,158,62,68
124965,2,0,1,79,595,164,23,8,335,46,21,331,33,18,0,0,-4,4,-2,-5,-5,-1,160,62,68
125067,2,0,1,79,595,155,23,8,335,46,18,331,33,16,0,0,-4,4,0,-5,-5,-1,161,62,68
125168,2,0,1,78,565,165,23,6,340,35,28,338,29,19,0,0,-5,4,1,-5,-5,-1,165,62,68
125269,2,0,1,82,547,148,23,5,340,27,28,338,28,18,0,0,-6,4,4,-6,-5,0,164,62,68
125370,2,0,1,80,529,131,22,3,345,20,22,344,26,21,0,0,-6,4,6,-7,-5,0,165,62,68
125471,2,0,1,81,520,169,23,3,334,16,35,333,26,16,0,0,-6,4,8,-7,-6,0,164,62,68
125572,2,0,1,79,511,174,22,2,343,12,43,343,25,22,0,0,-7,3,10,-8,-6,0,166,62,68
125673,2,0,1,72,480,142,22,0,353,0,33,352,22,24,0,0,-7,3,11,-8,-6,0,165,62,68
125774,2,0,1,72,450,143,21,-2,360,-13,34,359,9,28,0,0,-7,3,13,-8,-7,0,165,62,68
125875,2,0,1,71,410,124,22,-5,348,-29,26,346,6,22,0,0,-7,2,14,-9,-7,0,165,62,68
125976,2,0,1,71,410,124,22,-5,348,-29,26,346,7,24,0,0,-7,2,15,-9,-7,0,164,62,68
126077,2,0,1,71,410,124,22,-5,348,-29,26,346,7,24,0,0,-7,2,16,-9,-7,0,162,62,68
126178,2,0,1,71,410,124,22,-5,348,-29,26,346,7,24,0,0,-7,2,16,-9,-7,0,162,62,68
126279,2,0,1,76,369,130,19,-8,393,-53,32,389,3,39,0,0,-7,2,17,-10,-7,0,162,62,68
126379,2,0,1,77,336,116,19,-10,399,-69,26,392,0,40,0,0,-7,2,17,-10,-7,0,160,62,68
126481,2,0,1,77,324,139,19,-11,393,-74,35,385,0,37,0,0,-7,2,17,-10,-7,0,159,62,68
126582,2,0,1,77,327,138,16,-11,474,-88,42,465,0,79,0,0,-7,1,17,-11,-7,0,157,62,68
126683,2,0,1,77,326,122,15,-11,497,-92,36,487,0,77,0,0,-7,1,17,-11,-8,0,158,62,68
126784,2,0,1,77,327,118,16,-11,489,-90,33,480,0,75,0,0,-7,1,17,-11,-8,0,156,61,68
126885,2,0,1,77,332,143,17,-10,452,-81,43,444,0,58,0,0,-7,1,17,-11,-8,0,158,61,68
126986,2,0,1,77,335,138,16,-10,467,-82,34,459,0,70,0,0,-6,1,17,-12,-8,0,158,61,68
127089,2,0,1,77,345,140,15,-9,521,-85,39,514,0,93,0,0,-6,1,17,-12,-9,0,158,61,68
127191,2,0,1,77,349,142,14,-9,555,-88,52,547,0,100,0,0,-7,0,17,-13,-9,0,157,61,68
127292,2,0,1,69,358,128,15,-9,505,-74,40,498,1,76,0,0,-7,0,17,-13,-10,0,159,61,68
127394,2,0,1,73,366,140,14,-8,555,-76,60,549,1,100,0,0,-8,0,17,-13,-11,0,160,61,68
127494,2,0,1,73,371,141,14,-8,555,-73,61,550,1,97,0,0,-8,1,17,-13,-11,0,161,61,68
127595,2,0,1,73,371,141,14,-8,555,-73,61,550,1,97,0,0,-8,1,17,-13,-11,0,163,61,68
127696,2,0,1,77,381,150,14,-7,530,-63,63,525,1,90,0,0,-8,0,17,-13,-11,0,163,61,68
127797,2,0,1,77,385,143,14,-7,546,-63,61,542,1,100,0,0,-8,1,17,-13,-12,0,161,61,68
127898,2,0,1,77,398,141,14,-6,547,-54,60,543,3,98,0,0,-7,1,17,-14,-12,0,160,61,68
127999,2,0,1,74,405,128,13,-5,573,-52,45,570,2,100,0,0,-7,1,17,-14,-12,0,158,61,68
128100,2,0,1,71,408,137,13,-5,573,-50,51,570,2,100,0,0,-7,1,17,-14,-12,0,158,61,68
128201,2,0,1,71,405,139,13,-5,582,-53,53,579,1,100,0,0,-7,0,17,-14,-12,0,161,61,68
128302,2,0,1,71,405,139,13,-5,582,-53,53,579,1,100,0,0,-7,1,17,-14,-13,0,146,61,68
128404,2,0,1,71,419,145,13,-4,601,-44,69,599,2,100,0,0,-8,1,17,-14,-13,0,154,61,69
128506,2,0,1,71,419,145,13,-4,601,-44,69,599,2,100,0,0,-8,1,17,-14,-13,0,95,61,69
128608,2,0,1,73,442,144,12,-3,650,-30,74,649,4,100,0,0,-9,1,17,-14,-12,0,159,61,69
128710,2,0,1,73,442,144,12,-3,650,-30,74,649,4,100,0,0,-9,1,17,-14,-12,0,161,61,69
128811,2,0,1,73,442,144,12,-3,650,-30,74,649,4,100,0,0,-10,1,17,-14,-12,0,166,61,69
128912,2,0,1,70,459,151,13,-1,611,-15,95,610,5,100,0,0,-10,0,16,-14,-12,0,162,61,69
129013,2,0,1,74,467,138,13,-1,582,-9,82,581,6,100,0,0,-10,0,16,-13,-12,0,164,61,69
129115,2,0,1,73,473,136,13,-0,582,-4,81,581,6,100,0,0,-10,1,17,-13,-12,0,168,61,69
129216,2,0,1,72,492,119,12,1,621,9,86,620,18,100,0,0,-11,2,17,-13,-12,0,166,61,69
129317,2,0,1,72,492,119,12,1,621,9,86,620,18,100,0,0,-18,6,50,-15,-1,27,146,61,69
129418,2,0,1,74,500,121,12,1,1274,31,-40,1271,18,100,0,0,-1,-36,112,-15,0,10,118,61,68
129518,2,0,1,69,499,125,13,1,2783,64,-1498,2779,18,100,0,0,30,-54,171,-14,0,17,69,61,68
129620,2,0,0,69,499,125,0,1,2783,64,-1498,2779,0,0,0,0,30,-14,-105,-14,0,25,135,61,68
129723,2,0,0,69,499,125,0,1,2783,64,-1498,2779,0,0,0,0,-9,10,-51,-15,0,32,80,61,68
129824,2,0,0,69,499,125,0,1,2783,64,-1498,2779,0,0,0,0,-40,9,0,-15,0,41,42,61,68
129925,2,0,0,69,499,125,0,1,2783,64,-1498,2779,0,0,0,0,-22,3,55,-16,1,46,10,61,68
130026,2,0,0,69,499,125,0,1,2783,64,-1498,2779,0,0,0,0,-32,4,46,-16,-10,28,10,61,68
130126,2,0,0,69,499,125,0,1,2783,64,-1498,2779,0,0,0,0,-57,4,53,-16,-8,27,10,61,68
130227,2,0,0,69,499,125,0,1,2783,64,-1498,2779,0,0,0,0,-33,8,55,-17,-9,26,10,61,68
130328,2,0,0,69,499,125,0,1,2783,64,-1498,2779,0,0,0,0,-15,12,54,-17,-10,18,10,61,68
130430,2,0,0,69,499,125,0,1,2783,64,-1498,2779,0,0,0,0,-16,10,55,-17,-10,17,10,61,67
130531,2,0,0,69,499,125,0,1,2783,64,-1498,2779,0,0,0,0,-16,10,55,-17,-9,14,10,61,67
130632,2,0,0,69,499,125,0,1,2783,64,-1498,2779,0,0,0,0,-16,10,55,-17,-9,12,10,61,67
130733,2,0,0,69,499,125,0,1,2783,64,-1498,2779,0,0,0,0,-16,10,55,-16,-9,10,10,61,67
130834,2,0,0,69,499,125,0,1,2783,64,-1498,2779,0,0,0,0,-16,10,55,-16,-9,10,10,61,67
130935,2,0,0,69,499,125,0,1,2783,64,-1498,2779,0,0,0,0,-16,10,55,-16,-9,9,10,61,67
131036,2,0,0,69,499,125,0,1,2783,64,-1498,2779,0,0,0,0,-16,10,55,-16,-9,8,10,61,67
131138,2,0,0,69,499,125,0,1,2783,64,-1498,2779,0,0,0,0,-16,10,55,-16,-9,7,10,61,67
131239,2,0,0,69,499,125,0,1,2783,64,-1498,2779,0,0,0,0,-16,10,55,-16,-9,7,10,61,67
131346,2,0,0,69,499,125,0,1,2783,64,-1498,2779,0,0,0,0,-16,10,55,-16,-9,7,10,61,67
131447,2,0,0,69,499,125,0,1,2783,64,-1498,2779,0,0,0,0,-16,10,55,-16,-8,7,10,61,68
131548,2,0,0,69,499,125,0,1,2783,64,-1498,2779,0,0,0,0,-16,10,55,0,0,0,10,61,68
131649,2,0,0,69,499,125,0,1,2783,64,-1498,2779,0,0,0,0,-16,10,55,0,0,0,10,61,68
131751,2,0,0,69,499,125,0,1,2783,64,-1498,2779,0,0,0,0,-16,10,55,0,0,0,10,61,68
131852,2,0,0,69,499,125,0,1,2783,64,-1498,2779,0,0,0,0,-16,10,55,0,0,0,10,61,68
131953,2,0,0,69,499,125,0,1,2783,64,-1498,2779,0,0,0,0,-16,10,55,0,0,0,10,61,68
132054,2,0,0,69,499,125,0,1,2783,64,-1498,2779,0,0,0,0,-16,10,55,0,0,0,10,61,68
132155,2,0,0,69,499,125,0,1,2783,64,-1498,2779,0,0,0,0,-16,10,55,0,0,0,10,61,68
132256,2,0,0,69,499,125,0,1,2783,64,-1498,2779,0,0,0,0,-16,10,55,0,0,0,10,61,68
132357,2,0,0,69,499,125,0,1,2783,64,-1498,2779,0,0,0,0,-16,10,55,0,0,0,10,61,68
132458,2,0,0,69,499,125,0,1,2783,64,-1498,2779,0,0,0,0,-16,10,55,0,0,0,10,61,68
132559,2,0,0,69,499,125,0,1,2783,64,-1498,2779,0,0,0,0,-16,10,55,0,0,0,10,61,68
132660,2,0,0,69,499,125,0,1,2783,64,-1498,2779,0,0,0,0,-16,10,55,0,0,0,10,61,68
132760,2,0,0,69,499,125,0,1,2783,64,-1498,2779,0,0,0,0,-16,10,55,0,0,0,10,61,68
132861,2,0,0,69,499,125,0,1,2783,64,-1498,2779,0,0,0,0,-16,10,55,0,0,0,10,61,68
132962,2,0,0,69,499,125,0,1,2783,64,-1498,2779,0,0,0,0,-16,10,55,0,0,0,10,61,68
133069,2,0,0,69,499,125,0,1,2783,64,-1498,2779,0,0,0,0,-16,10,55,0,0,0,10,61,68
133169,2,0,0,69,499,125,0,1,2783,64,-1498,2779,0,0,0,0,-16,10,55,0,0,0,10,61,68
133270,2,0,0,69,499,125,0,1,2783,64,-1498,2779,0,0,0,0,-16,10,55,0,0,0,10,61,68
133371,2,0,0,69,499,125,0,1,2783,64,-1498,2779,0,0,0,0,-16,10,55,0,0,0,10,61,68
133472,2,0,0,69,499,125,0,1,2783,64,-1498,2779,0,0,0,0,-16,10,55,0,0,0,10,61,68
133573,2,0,0,69,499,125,0,1,2783,64,-1498,2779,0,0,0,0,-16,10,55,0,0,0,10,61,68
133674,2,0,0,69,499,125,0,1,2783,64,-1498,2779,0,0,0,0,-16,10,55,0,0,0,10,61,68
133776,2,0,0,69,499,125,0,1,2783,64,-1498,2779,0,0,0,0,-16,10,55,0,0,0,10,61,68
133877,2,0,0,69,499,125,0,1,2783,64,-1498,2779,0,0,0,0,-16,10,55,0,0,0,10,61,68
133977,2,0,0,69,499,125,0,1,2783,64,-1498,2779,0,0,0,0,-16,10,55,0,0,0,10,61,68
134078,2,0,0,69,499,125,0,1,2783,64,-1498,2779,0,0,0,0,-16,10,55,0,0,0,10,61,68
134179,2,0,0,69,499,125,0,1,2783,64,-1498,2779,0,0,0,0,-16,10,55,0,0,0,10,61,68
134280,2,0,0,69,499,125,0,1,2783,64,-1498,2779,0,0,0,0,-16,10,55,0,0,0,10,61,68
134381,2,0,0,69,499,125,0,1,2783,64,-1498,2779,0,0,0,0,-16,10,55,0,0,0,10,61,68
134482,2,0,0,69,499,125,0,1,2783,64,-1498,2779,0,0,0,0,-16,10,55,0,0,0,10,61,68
134583,2,0,0,69,499,125,0,1,2783,64,-1498,2779,0,0,0,0,-16,10,55,0,0,0,10,61,68
134693,2,0,0,69,499,125,0,1,2783,64,-1498,2779,0,0,0,0,-16,10,55,0,0,0,10,61,68
134794,2,0,0,69,499,125,0,1,2783,64,-1498,2779,0,0,0,0,-16,10,55,0,0,0,10,61,68
134895,2,0,0,69,499,125,0,1,2783,64,-1498,2779,0,0,0,0,-16,10,55,0,0,0,10,61,68
134996,2,0,0,69,499,125,0,1,2783,64,-1498,2779,0,0,0,0,-16,10,55,0,0,0,10,61,68
135096,2,0,0,69,499,125,0,1,2783,64,-1498,2779,0,0,0,0,-16,10,55,0,0,0,10,61,68
135197,2,0,0,69,499,125,0,1,2783,64,-1498,2779,0,0,0,0,-16,10,55,0,0,0,10,61,68
135298,2,0,0,69,499,125,0,1,2783,64,-1498,2779,0,0,0,0,-16,10,55,0,0,0,10,61,68
135399,2,0,0,69,499,125,0,1,2783,64,-1498,2779,0,0,0,0,-16,10,55,0,0,0,10,61,67
135500,2,0,0,69,499,125,0,1,2783,64,-1498,2779,0,0,0,0,-16,10,55,0,0,0,10,61,67
135600,2,0,0,69,499,125,0,1,2783,64,-1498,2779,0,0,0,0,-16,10,55,0,0,0,10,61,67
135701,2,0,0,69,499,125,0,1,2783,64,-1498,2779,0,0,0,0,-16,10,55,0,0,0,10,61,67
135806,2,0,0,69,499,125,0,1,2783,64,-1498,2779,0,0,0,0,-16,10,55,0,0,0,10,61,67
135907,2,0,0,69,499,125,0,1,2783,64,-1498,2779,0,0,0,0,-16,10,55,0,0,0,10,61,67
136009,2,0,0,69,499,125,0,1,2783,64,-1498,2779,0,0,0,0,-16,10,55,0,0,0,10,61,67
136112,2,0,0,69,499,125,0,1,2783,64,-1498,2779,0,0,0,0,-16,10,55,0,0,0,10,61,67
136213,2,0,0,69,499,125,0,1,2783,64,-1498,2779,0,0,0,0,-16,10,55,0,0,0,10,61,67
136315,2,0,0,69,499,125,0,1,2783,64,-1498,2779,0,0,0,0,-16,10,55,0,0,0,10,61,67
136416,2,0,0,69,499,125,0,1,2783,64,-1498,2779,0,0,0,0,-16,10,55,0,0,0,10,61,68
136517,2,0,0,69,499,125,0,1,2783,64,-1498,2779,0,0,0,0,-16,10,55,0,0,0,10,61,68
136618,2,0,0,69,499,125,0,1,2783,64,-1498,2779,0,0,0,0,-16,10,55,0,0,0,10,61,68
136719,2,0,0,69,499,125,0,1,2783,64,-1498,2779,0,0,0,0,-16,10,55,0,0,0,10,61,68
136820,2,0,0,69,499,125,0,1,2783,64,-1498,2779,0,0,0,0,-16,10,55,0,0,0,10,61,68
136922,2,0,0,69,499,125,0,1,2783,64,-1498,2779,0,0,0,0,-16,10,55,0,0,0,10,61,68
137023,2,0,0,69,499,125,0,1,2783,64,-1498,2779,0,0,0,0,-16,10,55,0,0,0,10,61,68
137125,2,0,0,69,499,125,0,1,2783,64,-1498,2779,0,0,0,0,-16,10,55,0,0,0,10,61,68
137226,2,0,0,69,499,125,0,1,2783,64,-1498,2779,0,0,0,0,-16,10,55,0,0,0,10,61,68
137327,2,0,0,69,499,125,0,1,2783,64,-1498,2779,0,0,0,0,-16,10,55,0,0,0,10,61,68
137428,2,0,0,69,499,125,0,1,2783,64,-1498,2779,0,0,0,0,-16,10,55,0,0,0,10,61,68
137529,2,0,0,69,499,125,0,1,2783,64,-1498,2779,0,0,0,0,-16,10,55,0,0,0,10,61,68
137630,2,0,0,69,499,125,0,1,2783,64,-1498,2779,0,0,0,0,-16,10,55,0,0,0,10,61,68
137731,2,0,0,69,499,125,0,1,2783,64,-1498,2779,0,0,0,0,-16,10,55,0,0,0,10,61,68
137833,2,0,0,69,499,125,0,1,2783,64,-1498,2779,0,0,0,0,-16,10,55,0,0,0,10,61,68
137934,2,0,0,69,499,125,0,1,2783,64,-1498,2779,0,0,0,0,-16,10,55,0,0,0,10,61,68
138034,2,0,0,69,499,125,0,1,2783,64,-1498,2779,0,0,0,0,-16,10,55,0,0,0,10,61,68
138135,2,0,0,69,499,125,0,1,2783,64,-1498,2779,0,0,0,0,-16,10,55,0,0,0,10,61,68
138236,2,0,0,69,499,125,0,1,2783,64,-1498,2779,0,0,0,0,-16,10,55,0,0,0,10,61,68
138337,2,0,0,69,499,125,0,1,2783,64,-1498,2779,0,0,0,0,-16,10,55,0,0,0,10,61,68
138437,2,0,0,69,499,125,0,1,2783,64,-1498,2779,0,0,0,0,-16,10,55,0,0,0,10,61,68
138538,2,0,0,69,499,125,0,1,2783,64,-1498,2779,0,0,0,0,-16,10,55,0,0,0,10,61,68
138639,2,0,0,69,499,125,0,1,2783,64,-1498,2779,0,0,0,0,-16,10,55,0,0,0,10,61,68
138740,2,0,0,69,499,125,0,1,2783,64,-1498,2779,0,0,0,0,-16,10,55,0,0,0,10,61,68
138841,2,0,0,69,499,125,0,1,2783,64,-1498,2779,0,0,0,0,-16,10,55,0,0,0,10,61,68
138942,2,0,0,69,499,125,0,1,2783,64,-1498,2779,0,0,0,0,-16,10,55,0,0,0,10,61,68
139043,2,0,0,69,499,125,0,1,2783,64,-1498,2779,0,0,0,0,-16,10,55,0,0,0,10,61,68
139153,2,0,0,69,499,125,0,1,2783,64,-1498,2779,0,0,0,0,-16,10,55,0,0,0,10,61,68
139255,2,0,0,69,499,125,0,1,2783,64,-1498,2779,0,0,0,0,-16,10,55,0,0,0,10,61,68
139357,2,0,0,69,499,125,0,1,2783,64,-1498,2779,0,0,0,0,-16,10,55,0,0,0,10,61,68
139458,2,0,0,69,499,125,0,1,2783,64,-1498,2779,0,0,0,0,-16,10,55,0,0,0,10,61,68
139558,2,0,0,69,499,125,0,1,2783,64,-1498,2779,0,0,0,0,-16,10,55,0,0,0,10,61,68
139659,2,0,0,69,499,125,0,1,2783,64,-1498,2779,0,0,0,0,-16,10,55,0,0,0,10,61,68
139760,2,0,0,69,499,125,0,1,2783,64,-1498,2779,0,0,0,0,-16,10,55,0,0,0,10,61,68
139861,2,0,0,69,499,125,0,1,2783,64,-1498,2779,0,0,0,0,-16,10,55,0,0,0,10,61,68
139963,2,0,0,69,499,125,0,1,2783,64,-1498,2779,0,0,0,0,-16,10,55,0,0,0,10,61,68
140064,2,0,0,69,499,125,0,1,2783,64,-1498,2779,0,0,0,0,-16,10,55,0,0,0,10,61,68
140164,2,0,0,69,499,125,0,1,2783,64,-1498,2779,0,0,0,0,-16,10,55,0,0,0,10,61,68
140265,2,0,0,69,499,125,0,1,2783,64,-1498,2779,0,0,0,0,-16,10,55,0,0,0,10,61,68
140366,2,0,0,69,499,125,0,1,2783,64,-1498,2779,0,0,0,0,-16,10,55,0,0,0,10,61,68
140467,2,0,0,69,499,125,0,1,2783,64,-1498,2779,0,0,0,0,-16,10,55,0,0,0,10,61,68
